Run time: Tue Apr 12 22:54:27 2005

SAValidate.exe  Version 3
--- BEGIN Stability Computation --- 
gMembraneStress_MPa     	3.000000
gMembraneThickness_um   	1.000000
gMembraneTension_NByM   	3.000000
gMembraneRadius_mm      	7.500000
gVoltageT_V             	20.000000
gVoltageA_V             	9999.000000
gDistT_um               	30.000000
gDistA_um               	30.000000
gPeakDeformation_um     	0.000000
gEPS                    	0.001000
gNumberOfEigenFunctions 	12

--- Begin Vary-Peak-Deformation Simulation --- 
Peak Deformation:     5.00 um

Membrane shape:  BesselJ0
Membrane Shape Coeffs, MKS

0.000000035
0.000000000
0.000000000
0.000000000
0.000000000
0.000000000
0.000000000
0.000000000
0.000000000
0.000000000
0.000000000
0.000000000

Electrode Voltage Map
  0.000	  0.000	  0.000	  0.000	  0.000	  0.000	  0.000	  0.000	  0.000	  0.000	  0.000	  0.000	  0.000	  0.000	  0.000	  0.000	  0.000	  0.000	  0.000	  0.000	  0.000	  0.000	  0.000	  0.000	  0.000	  0.000	  0.000	  0.000	  0.000	  0.000	  0.000	  0.000	  0.000	  0.000	  0.000	  0.000	  0.000	  0.000	  0.000	  0.000	  0.000	  0.000	  0.000	  0.000	  0.000	  0.000	  0.000	  0.000	  0.000	  0.000	  0.000	  0.000	  0.000	  0.000	  0.000	
  0.000	 20.000	 20.000	 20.000	 20.000	 20.000	 20.000	 20.000	 20.000	 20.000	 20.000	 20.000	 20.000	 20.000	 20.000	 20.000	 20.000	 20.000	 20.000	 20.000	 20.000	 20.000	 20.000	 20.000	 20.003	 20.009	 20.013	 20.015	 20.015	 20.013	 20.009	 20.003	 20.000	 20.000	 20.000	 20.000	 20.000	 20.000	 20.000	 20.000	 20.000	 20.000	 20.000	 20.000	 20.000	 20.000	 20.000	 20.000	 20.000	 20.000	 20.000	 20.000	 20.000	 20.000	 20.000	
  0.000	 20.000	 20.000	 20.000	 20.000	 20.000	 20.000	 20.000	 20.000	 20.000	 20.000	 20.000	 20.000	 20.000	 20.000	 20.000	 20.000	 20.000	 20.000	 20.000	 20.011	 20.026	 20.038	 20.049	 20.057	 20.064	 20.068	 20.070	 20.070	 20.068	 20.064	 20.057	 20.049	 20.038	 20.026	 20.011	 20.000	 20.000	 20.000	 20.000	 20.000	 20.000	 20.000	 20.000	 20.000	 20.000	 20.000	 20.000	 20.000	 20.000	 20.000	 20.000	 20.000	 20.000	 20.000	
  0.000	 20.000	 20.000	 20.000	 20.000	 20.000	 20.000	 20.000	 20.000	 20.000	 20.000	 20.000	 20.000	 20.000	 20.000	 20.000	 20.000	 20.007	 20.028	 20.047	 20.064	 20.079	 20.092	 20.102	 20.111	 20.118	 20.122	 20.124	 20.124	 20.122	 20.118	 20.111	 20.102	 20.092	 20.079	 20.064	 20.047	 20.028	 20.007	 20.000	 20.000	 20.000	 20.000	 20.000	 20.000	 20.000	 20.000	 20.000	 20.000	 20.000	 20.000	 20.000	 20.000	 20.000	 20.000	
  0.000	 20.000	 20.000	 20.000	 20.000	 20.000	 20.000	 20.000	 20.000	 20.000	 20.000	 20.000	 20.000	 20.000	 20.000	 20.009	 20.034	 20.057	 20.079	 20.098	 20.115	 20.131	 20.144	 20.155	 20.164	 20.170	 20.175	 20.177	 20.177	 20.175	 20.170	 20.164	 20.155	 20.144	 20.131	 20.115	 20.098	 20.079	 20.057	 20.034	 20.009	 20.000	 20.000	 20.000	 20.000	 20.000	 20.000	 20.000	 20.000	 20.000	 20.000	 20.000	 20.000	 20.000	 20.000	
  0.000	 20.000	 20.000	 20.000	 20.000	 20.000	 20.000	 20.000	 20.000	 20.000	 20.000	 20.000	 20.000	 20.001	 20.030	 20.057	 20.083	 20.107	 20.128	 20.148	 20.166	 20.181	 20.194	 20.205	 20.214	 20.221	 20.225	 20.227	 20.227	 20.225	 20.221	 20.214	 20.205	 20.194	 20.181	 20.166	 20.148	 20.128	 20.107	 20.083	 20.057	 20.030	 20.001	 20.000	 20.000	 20.000	 20.000	 20.000	 20.000	 20.000	 20.000	 20.000	 20.000	 20.000	 20.000	
  0.000	 20.000	 20.000	 20.000	 20.000	 20.000	 20.000	 20.000	 20.000	 20.000	 20.000	 20.000	 20.015	 20.047	 20.076	 20.104	 20.131	 20.155	 20.177	 20.197	 20.214	 20.230	 20.243	 20.254	 20.262	 20.269	 20.273	 20.276	 20.276	 20.273	 20.269	 20.262	 20.254	 20.243	 20.230	 20.214	 20.197	 20.177	 20.155	 20.131	 20.104	 20.076	 20.047	 20.015	 20.000	 20.000	 20.000	 20.000	 20.000	 20.000	 20.000	 20.000	 20.000	 20.000	 20.000	
  0.000	 20.000	 20.000	 20.000	 20.000	 20.000	 20.000	 20.000	 20.000	 20.000	 20.000	 20.026	 20.059	 20.092	 20.122	 20.150	 20.177	 20.201	 20.223	 20.243	 20.260	 20.276	 20.288	 20.299	 20.308	 20.314	 20.318	 20.320	 20.320	 20.318	 20.314	 20.308	 20.299	 20.288	 20.276	 20.260	 20.243	 20.223	 20.201	 20.177	 20.150	 20.122	 20.092	 20.059	 20.026	 20.000	 20.000	 20.000	 20.000	 20.000	 20.000	 20.000	 20.000	 20.000	 20.000	
  0.000	 20.000	 20.000	 20.000	 20.000	 20.000	 20.000	 20.000	 20.000	 20.000	 20.032	 20.068	 20.102	 20.135	 20.166	 20.194	 20.221	 20.245	 20.267	 20.286	 20.303	 20.318	 20.331	 20.341	 20.350	 20.356	 20.360	 20.362	 20.362	 20.360	 20.356	 20.350	 20.341	 20.331	 20.318	 20.303	 20.286	 20.267	 20.245	 20.221	 20.194	 20.166	 20.135	 20.102	 20.068	 20.032	 20.000	 20.000	 20.000	 20.000	 20.000	 20.000	 20.000	 20.000	 20.000	
  0.000	 20.000	 20.000	 20.000	 20.000	 20.000	 20.000	 20.000	 20.000	 20.034	 20.072	 20.109	 20.144	 20.177	 20.208	 20.236	 20.262	 20.286	 20.308	 20.327	 20.343	 20.358	 20.370	 20.380	 20.388	 20.394	 20.397	 20.399	 20.399	 20.397	 20.394	 20.388	 20.380	 20.370	 20.358	 20.343	 20.327	 20.308	 20.286	 20.262	 20.236	 20.208	 20.177	 20.144	 20.109	 20.072	 20.034	 20.000	 20.000	 20.000	 20.000	 20.000	 20.000	 20.000	 20.000	
  0.000	 20.000	 20.000	 20.000	 20.000	 20.000	 20.000	 20.000	 20.032	 20.072	 20.111	 20.148	 20.183	 20.216	 20.247	 20.276	 20.301	 20.325	 20.346	 20.364	 20.380	 20.394	 20.405	 20.415	 20.422	 20.427	 20.431	 20.433	 20.433	 20.431	 20.427	 20.422	 20.415	 20.405	 20.394	 20.380	 20.364	 20.346	 20.325	 20.301	 20.276	 20.247	 20.216	 20.183	 20.148	 20.111	 20.072	 20.032	 20.000	 20.000	 20.000	 20.000	 20.000	 20.000	 20.000	
  0.000	 20.000	 20.000	 20.000	 20.000	 20.000	 20.000	 20.026	 20.068	 20.109	 20.148	 20.186	 20.221	 20.254	 20.284	 20.312	 20.337	 20.360	 20.380	 20.397	 20.413	 20.426	 20.436	 20.445	 20.452	 20.457	 20.460	 20.462	 20.462	 20.460	 20.457	 20.452	 20.445	 20.436	 20.426	 20.413	 20.397	 20.380	 20.360	 20.337	 20.312	 20.284	 20.254	 20.221	 20.186	 20.148	 20.109	 20.068	 20.026	 20.000	 20.000	 20.000	 20.000	 20.000	 20.000	
  0.000	 20.000	 20.000	 20.000	 20.000	 20.000	 20.015	 20.059	 20.102	 20.144	 20.183	 20.221	 20.256	 20.288	 20.318	 20.346	 20.370	 20.392	 20.411	 20.427	 20.442	 20.454	 20.464	 20.471	 20.478	 20.482	 20.485	 20.487	 20.487	 20.485	 20.482	 20.478	 20.471	 20.464	 20.454	 20.442	 20.427	 20.411	 20.392	 20.370	 20.346	 20.318	 20.288	 20.256	 20.221	 20.183	 20.144	 20.102	 20.059	 20.015	 20.000	 20.000	 20.000	 20.000	 20.000	
  0.000	 20.000	 20.000	 20.000	 20.000	 20.001	 20.047	 20.092	 20.135	 20.177	 20.216	 20.254	 20.288	 20.320	 20.350	 20.376	 20.399	 20.420	 20.438	 20.454	 20.467	 20.478	 20.487	 20.494	 20.499	 20.503	 20.506	 20.507	 20.507	 20.506	 20.503	 20.499	 20.494	 20.487	 20.478	 20.467	 20.454	 20.438	 20.420	 20.399	 20.376	 20.350	 20.320	 20.288	 20.254	 20.216	 20.177	 20.135	 20.092	 20.047	 20.001	 20.000	 20.000	 20.000	 20.000	
  0.000	 20.000	 20.000	 20.000	 20.000	 20.030	 20.076	 20.122	 20.166	 20.208	 20.247	 20.284	 20.318	 20.350	 20.378	 20.403	 20.426	 20.445	 20.462	 20.476	 20.488	 20.498	 20.506	 20.512	 20.517	 20.520	 20.523	 20.524	 20.524	 20.523	 20.520	 20.517	 20.512	 20.506	 20.498	 20.488	 20.476	 20.462	 20.445	 20.426	 20.403	 20.378	 20.350	 20.318	 20.284	 20.247	 20.208	 20.166	 20.122	 20.076	 20.030	 20.000	 20.000	 20.000	 20.000	
  0.000	 20.000	 20.000	 20.000	 20.009	 20.057	 20.104	 20.150	 20.194	 20.236	 20.276	 20.312	 20.346	 20.376	 20.403	 20.427	 20.449	 20.467	 20.482	 20.495	 20.506	 20.515	 20.521	 20.527	 20.531	 20.534	 20.535	 20.536	 20.536	 20.535	 20.534	 20.531	 20.527	 20.521	 20.515	 20.506	 20.495	 20.482	 20.467	 20.449	 20.427	 20.403	 20.376	 20.346	 20.312	 20.276	 20.236	 20.194	 20.150	 20.104	 20.057	 20.009	 20.000	 20.000	 20.000	
  0.000	 20.000	 20.000	 20.000	 20.034	 20.083	 20.131	 20.177	 20.221	 20.262	 20.301	 20.337	 20.370	 20.399	 20.426	 20.449	 20.468	 20.485	 20.499	 20.511	 20.520	 20.528	 20.534	 20.538	 20.541	 20.543	 20.545	 20.545	 20.545	 20.545	 20.543	 20.541	 20.538	 20.534	 20.528	 20.520	 20.511	 20.499	 20.485	 20.468	 20.449	 20.426	 20.399	 20.370	 20.337	 20.301	 20.262	 20.221	 20.177	 20.131	 20.083	 20.034	 20.000	 20.000	 20.000	
  0.000	 20.000	 20.000	 20.007	 20.057	 20.107	 20.155	 20.201	 20.245	 20.286	 20.325	 20.360	 20.392	 20.420	 20.445	 20.467	 20.485	 20.501	 20.513	 20.524	 20.532	 20.538	 20.543	 20.546	 20.549	 20.550	 20.551	 20.552	 20.552	 20.551	 20.550	 20.549	 20.546	 20.543	 20.538	 20.532	 20.524	 20.513	 20.501	 20.485	 20.467	 20.445	 20.420	 20.392	 20.360	 20.325	 20.286	 20.245	 20.201	 20.155	 20.107	 20.057	 20.007	 20.000	 20.000	
  0.000	 20.000	 20.000	 20.028	 20.079	 20.128	 20.177	 20.223	 20.267	 20.308	 20.346	 20.380	 20.411	 20.438	 20.462	 20.482	 20.499	 20.513	 20.525	 20.534	 20.540	 20.545	 20.549	 20.552	 20.553	 20.554	 20.555	 20.555	 20.555	 20.555	 20.554	 20.553	 20.552	 20.549	 20.545	 20.540	 20.534	 20.525	 20.513	 20.499	 20.482	 20.462	 20.438	 20.411	 20.380	 20.346	 20.308	 20.267	 20.223	 20.177	 20.128	 20.079	 20.028	 20.000	 20.000	
  0.000	 20.000	 20.000	 20.047	 20.098	 20.148	 20.197	 20.243	 20.286	 20.327	 20.364	 20.397	 20.427	 20.454	 20.476	 20.495	 20.511	 20.524	 20.534	 20.541	 20.547	 20.551	 20.553	 20.555	 20.556	 20.556	 20.556	 20.556	 20.556	 20.556	 20.556	 20.556	 20.555	 20.553	 20.551	 20.547	 20.541	 20.534	 20.524	 20.511	 20.495	 20.476	 20.454	 20.427	 20.397	 20.364	 20.327	 20.286	 20.243	 20.197	 20.148	 20.098	 20.047	 20.000	 20.000	
  0.000	 20.000	 20.011	 20.064	 20.115	 20.166	 20.214	 20.260	 20.303	 20.343	 20.380	 20.413	 20.442	 20.467	 20.488	 20.506	 20.520	 20.532	 20.540	 20.547	 20.551	 20.554	 20.555	 20.556	 20.556	 20.556	 20.556	 20.556	 20.556	 20.556	 20.556	 20.556	 20.556	 20.555	 20.554	 20.551	 20.547	 20.540	 20.532	 20.520	 20.506	 20.488	 20.467	 20.442	 20.413	 20.380	 20.343	 20.303	 20.260	 20.214	 20.166	 20.115	 20.064	 20.011	 20.000	
  0.000	 20.000	 20.026	 20.079	 20.131	 20.181	 20.230	 20.276	 20.318	 20.358	 20.394	 20.426	 20.454	 20.478	 20.498	 20.515	 20.528	 20.538	 20.545	 20.551	 20.554	 20.556	 20.556	 20.556	 20.556	 20.555	 20.554	 20.554	 20.554	 20.554	 20.555	 20.556	 20.556	 20.556	 20.556	 20.554	 20.551	 20.545	 20.538	 20.528	 20.515	 20.498	 20.478	 20.454	 20.426	 20.394	 20.358	 20.318	 20.276	 20.230	 20.181	 20.131	 20.079	 20.026	 20.000	
  0.000	 20.000	 20.038	 20.092	 20.144	 20.194	 20.243	 20.288	 20.331	 20.370	 20.405	 20.436	 20.464	 20.487	 20.506	 20.521	 20.534	 20.543	 20.549	 20.553	 20.555	 20.556	 20.556	 20.555	 20.554	 20.553	 20.552	 20.552	 20.552	 20.552	 20.553	 20.554	 20.555	 20.556	 20.556	 20.555	 20.553	 20.549	 20.543	 20.534	 20.521	 20.506	 20.487	 20.464	 20.436	 20.405	 20.370	 20.331	 20.288	 20.243	 20.194	 20.144	 20.092	 20.038	 20.000	
  0.000	 20.000	 20.049	 20.102	 20.155	 20.205	 20.254	 20.299	 20.341	 20.380	 20.415	 20.445	 20.471	 20.494	 20.512	 20.527	 20.538	 20.546	 20.552	 20.555	 20.556	 20.556	 20.555	 20.554	 20.552	 20.551	 20.549	 20.549	 20.549	 20.549	 20.551	 20.552	 20.554	 20.555	 20.556	 20.556	 20.555	 20.552	 20.546	 20.538	 20.527	 20.512	 20.494	 20.471	 20.445	 20.415	 20.380	 20.341	 20.299	 20.254	 20.205	 20.155	 20.102	 20.049	 20.000	
  0.000	 20.003	 20.057	 20.111	 20.164	 20.214	 20.262	 20.308	 20.350	 20.388	 20.422	 20.452	 20.478	 20.499	 20.517	 20.531	 20.541	 20.549	 20.553	 20.556	 20.556	 20.556	 20.554	 20.552	 20.550	 20.548	 20.547	 20.546	 20.546	 20.547	 20.548	 20.550	 20.552	 20.554	 20.556	 20.556	 20.556	 20.553	 20.549	 20.541	 20.531	 20.517	 20.499	 20.478	 20.452	 20.422	 20.388	 20.350	 20.308	 20.262	 20.214	 20.164	 20.111	 20.057	 20.003	
  0.000	 20.009	 20.064	 20.118	 20.170	 20.221	 20.269	 20.314	 20.356	 20.394	 20.427	 20.457	 20.482	 20.503	 20.520	 20.534	 20.543	 20.550	 20.554	 20.556	 20.556	 20.555	 20.553	 20.551	 20.548	 20.546	 20.545	 20.544	 20.544	 20.545	 20.546	 20.548	 20.551	 20.553	 20.555	 20.556	 20.556	 20.554	 20.550	 20.543	 20.534	 20.520	 20.503	 20.482	 20.457	 20.427	 20.394	 20.356	 20.314	 20.269	 20.221	 20.170	 20.118	 20.064	 20.009	
  0.000	 20.013	 20.068	 20.122	 20.175	 20.225	 20.273	 20.318	 20.360	 20.397	 20.431	 20.460	 20.485	 20.506	 20.523	 20.535	 20.545	 20.551	 20.555	 20.556	 20.556	 20.554	 20.552	 20.549	 20.547	 20.545	 20.543	 20.542	 20.542	 20.543	 20.545	 20.547	 20.549	 20.552	 20.554	 20.556	 20.556	 20.555	 20.551	 20.545	 20.535	 20.523	 20.506	 20.485	 20.460	 20.431	 20.397	 20.360	 20.318	 20.273	 20.225	 20.175	 20.122	 20.068	 20.013	
  0.000	 20.015	 20.070	 20.124	 20.177	 20.227	 20.276	 20.320	 20.362	 20.399	 20.433	 20.462	 20.487	 20.507	 20.524	 20.536	 20.545	 20.552	 20.555	 20.556	 20.556	 20.554	 20.552	 20.549	 20.546	 20.544	 20.542	 20.541	 20.541	 20.542	 20.544	 20.546	 20.549	 20.552	 20.554	 20.556	 20.556	 20.555	 20.552	 20.545	 20.536	 20.524	 20.507	 20.487	 20.462	 20.433	 20.399	 20.362	 20.320	 20.276	 20.227	 20.177	 20.124	 20.070	 20.015	
  0.000	 20.015	 20.070	 20.124	 20.177	 20.227	 20.276	 20.320	 20.362	 20.399	 20.433	 20.462	 20.487	 20.507	 20.524	 20.536	 20.545	 20.552	 20.555	 20.556	 20.556	 20.554	 20.552	 20.549	 20.546	 20.544	 20.542	 20.541	 20.541	 20.542	 20.544	 20.546	 20.549	 20.552	 20.554	 20.556	 20.556	 20.555	 20.552	 20.545	 20.536	 20.524	 20.507	 20.487	 20.462	 20.433	 20.399	 20.362	 20.320	 20.276	 20.227	 20.177	 20.124	 20.070	 20.015	
  0.000	 20.013	 20.068	 20.122	 20.175	 20.225	 20.273	 20.318	 20.360	 20.397	 20.431	 20.460	 20.485	 20.506	 20.523	 20.535	 20.545	 20.551	 20.555	 20.556	 20.556	 20.554	 20.552	 20.549	 20.547	 20.545	 20.543	 20.542	 20.542	 20.543	 20.545	 20.547	 20.549	 20.552	 20.554	 20.556	 20.556	 20.555	 20.551	 20.545	 20.535	 20.523	 20.506	 20.485	 20.460	 20.431	 20.397	 20.360	 20.318	 20.273	 20.225	 20.175	 20.122	 20.068	 20.013	
  0.000	 20.009	 20.064	 20.118	 20.170	 20.221	 20.269	 20.314	 20.356	 20.394	 20.427	 20.457	 20.482	 20.503	 20.520	 20.534	 20.543	 20.550	 20.554	 20.556	 20.556	 20.555	 20.553	 20.551	 20.548	 20.546	 20.545	 20.544	 20.544	 20.545	 20.546	 20.548	 20.551	 20.553	 20.555	 20.556	 20.556	 20.554	 20.550	 20.543	 20.534	 20.520	 20.503	 20.482	 20.457	 20.427	 20.394	 20.356	 20.314	 20.269	 20.221	 20.170	 20.118	 20.064	 20.009	
  0.000	 20.003	 20.057	 20.111	 20.164	 20.214	 20.262	 20.308	 20.350	 20.388	 20.422	 20.452	 20.478	 20.499	 20.517	 20.531	 20.541	 20.549	 20.553	 20.556	 20.556	 20.556	 20.554	 20.552	 20.550	 20.548	 20.547	 20.546	 20.546	 20.547	 20.548	 20.550	 20.552	 20.554	 20.556	 20.556	 20.556	 20.553	 20.549	 20.541	 20.531	 20.517	 20.499	 20.478	 20.452	 20.422	 20.388	 20.350	 20.308	 20.262	 20.214	 20.164	 20.111	 20.057	 20.003	
  0.000	 20.000	 20.049	 20.102	 20.155	 20.205	 20.254	 20.299	 20.341	 20.380	 20.415	 20.445	 20.471	 20.494	 20.512	 20.527	 20.538	 20.546	 20.552	 20.555	 20.556	 20.556	 20.555	 20.554	 20.552	 20.551	 20.549	 20.549	 20.549	 20.549	 20.551	 20.552	 20.554	 20.555	 20.556	 20.556	 20.555	 20.552	 20.546	 20.538	 20.527	 20.512	 20.494	 20.471	 20.445	 20.415	 20.380	 20.341	 20.299	 20.254	 20.205	 20.155	 20.102	 20.049	 20.000	
  0.000	 20.000	 20.038	 20.092	 20.144	 20.194	 20.243	 20.288	 20.331	 20.370	 20.405	 20.436	 20.464	 20.487	 20.506	 20.521	 20.534	 20.543	 20.549	 20.553	 20.555	 20.556	 20.556	 20.555	 20.554	 20.553	 20.552	 20.552	 20.552	 20.552	 20.553	 20.554	 20.555	 20.556	 20.556	 20.555	 20.553	 20.549	 20.543	 20.534	 20.521	 20.506	 20.487	 20.464	 20.436	 20.405	 20.370	 20.331	 20.288	 20.243	 20.194	 20.144	 20.092	 20.038	 20.000	
  0.000	 20.000	 20.026	 20.079	 20.131	 20.181	 20.230	 20.276	 20.318	 20.358	 20.394	 20.426	 20.454	 20.478	 20.498	 20.515	 20.528	 20.538	 20.545	 20.551	 20.554	 20.556	 20.556	 20.556	 20.556	 20.555	 20.554	 20.554	 20.554	 20.554	 20.555	 20.556	 20.556	 20.556	 20.556	 20.554	 20.551	 20.545	 20.538	 20.528	 20.515	 20.498	 20.478	 20.454	 20.426	 20.394	 20.358	 20.318	 20.276	 20.230	 20.181	 20.131	 20.079	 20.026	 20.000	
  0.000	 20.000	 20.011	 20.064	 20.115	 20.166	 20.214	 20.260	 20.303	 20.343	 20.380	 20.413	 20.442	 20.467	 20.488	 20.506	 20.520	 20.532	 20.540	 20.547	 20.551	 20.554	 20.555	 20.556	 20.556	 20.556	 20.556	 20.556	 20.556	 20.556	 20.556	 20.556	 20.556	 20.555	 20.554	 20.551	 20.547	 20.540	 20.532	 20.520	 20.506	 20.488	 20.467	 20.442	 20.413	 20.380	 20.343	 20.303	 20.260	 20.214	 20.166	 20.115	 20.064	 20.011	 20.000	
  0.000	 20.000	 20.000	 20.047	 20.098	 20.148	 20.197	 20.243	 20.286	 20.327	 20.364	 20.397	 20.427	 20.454	 20.476	 20.495	 20.511	 20.524	 20.534	 20.541	 20.547	 20.551	 20.553	 20.555	 20.556	 20.556	 20.556	 20.556	 20.556	 20.556	 20.556	 20.556	 20.555	 20.553	 20.551	 20.547	 20.541	 20.534	 20.524	 20.511	 20.495	 20.476	 20.454	 20.427	 20.397	 20.364	 20.327	 20.286	 20.243	 20.197	 20.148	 20.098	 20.047	 20.000	 20.000	
  0.000	 20.000	 20.000	 20.028	 20.079	 20.128	 20.177	 20.223	 20.267	 20.308	 20.346	 20.380	 20.411	 20.438	 20.462	 20.482	 20.499	 20.513	 20.525	 20.534	 20.540	 20.545	 20.549	 20.552	 20.553	 20.554	 20.555	 20.555	 20.555	 20.555	 20.554	 20.553	 20.552	 20.549	 20.545	 20.540	 20.534	 20.525	 20.513	 20.499	 20.482	 20.462	 20.438	 20.411	 20.380	 20.346	 20.308	 20.267	 20.223	 20.177	 20.128	 20.079	 20.028	 20.000	 20.000	
  0.000	 20.000	 20.000	 20.007	 20.057	 20.107	 20.155	 20.201	 20.245	 20.286	 20.325	 20.360	 20.392	 20.420	 20.445	 20.467	 20.485	 20.501	 20.513	 20.524	 20.532	 20.538	 20.543	 20.546	 20.549	 20.550	 20.551	 20.552	 20.552	 20.551	 20.550	 20.549	 20.546	 20.543	 20.538	 20.532	 20.524	 20.513	 20.501	 20.485	 20.467	 20.445	 20.420	 20.392	 20.360	 20.325	 20.286	 20.245	 20.201	 20.155	 20.107	 20.057	 20.007	 20.000	 20.000	
  0.000	 20.000	 20.000	 20.000	 20.034	 20.083	 20.131	 20.177	 20.221	 20.262	 20.301	 20.337	 20.370	 20.399	 20.426	 20.449	 20.468	 20.485	 20.499	 20.511	 20.520	 20.528	 20.534	 20.538	 20.541	 20.543	 20.545	 20.545	 20.545	 20.545	 20.543	 20.541	 20.538	 20.534	 20.528	 20.520	 20.511	 20.499	 20.485	 20.468	 20.449	 20.426	 20.399	 20.370	 20.337	 20.301	 20.262	 20.221	 20.177	 20.131	 20.083	 20.034	 20.000	 20.000	 20.000	
  0.000	 20.000	 20.000	 20.000	 20.009	 20.057	 20.104	 20.150	 20.194	 20.236	 20.276	 20.312	 20.346	 20.376	 20.403	 20.427	 20.449	 20.467	 20.482	 20.495	 20.506	 20.515	 20.521	 20.527	 20.531	 20.534	 20.535	 20.536	 20.536	 20.535	 20.534	 20.531	 20.527	 20.521	 20.515	 20.506	 20.495	 20.482	 20.467	 20.449	 20.427	 20.403	 20.376	 20.346	 20.312	 20.276	 20.236	 20.194	 20.150	 20.104	 20.057	 20.009	 20.000	 20.000	 20.000	
  0.000	 20.000	 20.000	 20.000	 20.000	 20.030	 20.076	 20.122	 20.166	 20.208	 20.247	 20.284	 20.318	 20.350	 20.378	 20.403	 20.426	 20.445	 20.462	 20.476	 20.488	 20.498	 20.506	 20.512	 20.517	 20.520	 20.523	 20.524	 20.524	 20.523	 20.520	 20.517	 20.512	 20.506	 20.498	 20.488	 20.476	 20.462	 20.445	 20.426	 20.403	 20.378	 20.350	 20.318	 20.284	 20.247	 20.208	 20.166	 20.122	 20.076	 20.030	 20.000	 20.000	 20.000	 20.000	
  0.000	 20.000	 20.000	 20.000	 20.000	 20.001	 20.047	 20.092	 20.135	 20.177	 20.216	 20.254	 20.288	 20.320	 20.350	 20.376	 20.399	 20.420	 20.438	 20.454	 20.467	 20.478	 20.487	 20.494	 20.499	 20.503	 20.506	 20.507	 20.507	 20.506	 20.503	 20.499	 20.494	 20.487	 20.478	 20.467	 20.454	 20.438	 20.420	 20.399	 20.376	 20.350	 20.320	 20.288	 20.254	 20.216	 20.177	 20.135	 20.092	 20.047	 20.001	 20.000	 20.000	 20.000	 20.000	
  0.000	 20.000	 20.000	 20.000	 20.000	 20.000	 20.015	 20.059	 20.102	 20.144	 20.183	 20.221	 20.256	 20.288	 20.318	 20.346	 20.370	 20.392	 20.411	 20.427	 20.442	 20.454	 20.464	 20.471	 20.478	 20.482	 20.485	 20.487	 20.487	 20.485	 20.482	 20.478	 20.471	 20.464	 20.454	 20.442	 20.427	 20.411	 20.392	 20.370	 20.346	 20.318	 20.288	 20.256	 20.221	 20.183	 20.144	 20.102	 20.059	 20.015	 20.000	 20.000	 20.000	 20.000	 20.000	
  0.000	 20.000	 20.000	 20.000	 20.000	 20.000	 20.000	 20.026	 20.068	 20.109	 20.148	 20.186	 20.221	 20.254	 20.284	 20.312	 20.337	 20.360	 20.380	 20.397	 20.413	 20.426	 20.436	 20.445	 20.452	 20.457	 20.460	 20.462	 20.462	 20.460	 20.457	 20.452	 20.445	 20.436	 20.426	 20.413	 20.397	 20.380	 20.360	 20.337	 20.312	 20.284	 20.254	 20.221	 20.186	 20.148	 20.109	 20.068	 20.026	 20.000	 20.000	 20.000	 20.000	 20.000	 20.000	
  0.000	 20.000	 20.000	 20.000	 20.000	 20.000	 20.000	 20.000	 20.032	 20.072	 20.111	 20.148	 20.183	 20.216	 20.247	 20.276	 20.301	 20.325	 20.346	 20.364	 20.380	 20.394	 20.405	 20.415	 20.422	 20.427	 20.431	 20.433	 20.433	 20.431	 20.427	 20.422	 20.415	 20.405	 20.394	 20.380	 20.364	 20.346	 20.325	 20.301	 20.276	 20.247	 20.216	 20.183	 20.148	 20.111	 20.072	 20.032	 20.000	 20.000	 20.000	 20.000	 20.000	 20.000	 20.000	
  0.000	 20.000	 20.000	 20.000	 20.000	 20.000	 20.000	 20.000	 20.000	 20.034	 20.072	 20.109	 20.144	 20.177	 20.208	 20.236	 20.262	 20.286	 20.308	 20.327	 20.343	 20.358	 20.370	 20.380	 20.388	 20.394	 20.397	 20.399	 20.399	 20.397	 20.394	 20.388	 20.380	 20.370	 20.358	 20.343	 20.327	 20.308	 20.286	 20.262	 20.236	 20.208	 20.177	 20.144	 20.109	 20.072	 20.034	 20.000	 20.000	 20.000	 20.000	 20.000	 20.000	 20.000	 20.000	
  0.000	 20.000	 20.000	 20.000	 20.000	 20.000	 20.000	 20.000	 20.000	 20.000	 20.032	 20.068	 20.102	 20.135	 20.166	 20.194	 20.221	 20.245	 20.267	 20.286	 20.303	 20.318	 20.331	 20.341	 20.350	 20.356	 20.360	 20.362	 20.362	 20.360	 20.356	 20.350	 20.341	 20.331	 20.318	 20.303	 20.286	 20.267	 20.245	 20.221	 20.194	 20.166	 20.135	 20.102	 20.068	 20.032	 20.000	 20.000	 20.000	 20.000	 20.000	 20.000	 20.000	 20.000	 20.000	
  0.000	 20.000	 20.000	 20.000	 20.000	 20.000	 20.000	 20.000	 20.000	 20.000	 20.000	 20.026	 20.059	 20.092	 20.122	 20.150	 20.177	 20.201	 20.223	 20.243	 20.260	 20.276	 20.288	 20.299	 20.308	 20.314	 20.318	 20.320	 20.320	 20.318	 20.314	 20.308	 20.299	 20.288	 20.276	 20.260	 20.243	 20.223	 20.201	 20.177	 20.150	 20.122	 20.092	 20.059	 20.026	 20.000	 20.000	 20.000	 20.000	 20.000	 20.000	 20.000	 20.000	 20.000	 20.000	
  0.000	 20.000	 20.000	 20.000	 20.000	 20.000	 20.000	 20.000	 20.000	 20.000	 20.000	 20.000	 20.015	 20.047	 20.076	 20.104	 20.131	 20.155	 20.177	 20.197	 20.214	 20.230	 20.243	 20.254	 20.262	 20.269	 20.273	 20.276	 20.276	 20.273	 20.269	 20.262	 20.254	 20.243	 20.230	 20.214	 20.197	 20.177	 20.155	 20.131	 20.104	 20.076	 20.047	 20.015	 20.000	 20.000	 20.000	 20.000	 20.000	 20.000	 20.000	 20.000	 20.000	 20.000	 20.000	
  0.000	 20.000	 20.000	 20.000	 20.000	 20.000	 20.000	 20.000	 20.000	 20.000	 20.000	 20.000	 20.000	 20.001	 20.030	 20.057	 20.083	 20.107	 20.128	 20.148	 20.166	 20.181	 20.194	 20.205	 20.214	 20.221	 20.225	 20.227	 20.227	 20.225	 20.221	 20.214	 20.205	 20.194	 20.181	 20.166	 20.148	 20.128	 20.107	 20.083	 20.057	 20.030	 20.001	 20.000	 20.000	 20.000	 20.000	 20.000	 20.000	 20.000	 20.000	 20.000	 20.000	 20.000	 20.000	
  0.000	 20.000	 20.000	 20.000	 20.000	 20.000	 20.000	 20.000	 20.000	 20.000	 20.000	 20.000	 20.000	 20.000	 20.000	 20.009	 20.034	 20.057	 20.079	 20.098	 20.115	 20.131	 20.144	 20.155	 20.164	 20.170	 20.175	 20.177	 20.177	 20.175	 20.170	 20.164	 20.155	 20.144	 20.131	 20.115	 20.098	 20.079	 20.057	 20.034	 20.009	 20.000	 20.000	 20.000	 20.000	 20.000	 20.000	 20.000	 20.000	 20.000	 20.000	 20.000	 20.000	 20.000	 20.000	
  0.000	 20.000	 20.000	 20.000	 20.000	 20.000	 20.000	 20.000	 20.000	 20.000	 20.000	 20.000	 20.000	 20.000	 20.000	 20.000	 20.000	 20.007	 20.028	 20.047	 20.064	 20.079	 20.092	 20.102	 20.111	 20.118	 20.122	 20.124	 20.124	 20.122	 20.118	 20.111	 20.102	 20.092	 20.079	 20.064	 20.047	 20.028	 20.007	 20.000	 20.000	 20.000	 20.000	 20.000	 20.000	 20.000	 20.000	 20.000	 20.000	 20.000	 20.000	 20.000	 20.000	 20.000	 20.000	
  0.000	 20.000	 20.000	 20.000	 20.000	 20.000	 20.000	 20.000	 20.000	 20.000	 20.000	 20.000	 20.000	 20.000	 20.000	 20.000	 20.000	 20.000	 20.000	 20.000	 20.011	 20.026	 20.038	 20.049	 20.057	 20.064	 20.068	 20.070	 20.070	 20.068	 20.064	 20.057	 20.049	 20.038	 20.026	 20.011	 20.000	 20.000	 20.000	 20.000	 20.000	 20.000	 20.000	 20.000	 20.000	 20.000	 20.000	 20.000	 20.000	 20.000	 20.000	 20.000	 20.000	 20.000	 20.000	
  0.000	 20.000	 20.000	 20.000	 20.000	 20.000	 20.000	 20.000	 20.000	 20.000	 20.000	 20.000	 20.000	 20.000	 20.000	 20.000	 20.000	 20.000	 20.000	 20.000	 20.000	 20.000	 20.000	 20.000	 20.003	 20.009	 20.013	 20.015	 20.015	 20.013	 20.009	 20.003	 20.000	 20.000	 20.000	 20.000	 20.000	 20.000	 20.000	 20.000	 20.000	 20.000	 20.000	 20.000	 20.000	  0.000	  0.000	  0.000	  0.000	  0.000	  0.000	  0.000	  0.000	  0.000	  0.000	

TestMembraneExpansion: r_mm,xi_um,del2(xi)_MKS
  0.000	  5.000	 -0.514	
  0.288	  4.990	 -0.513	
  0.577	  4.958	 -0.510	
  0.865	  4.905	 -0.504	
  1.154	  4.831	 -0.497	
  1.442	  4.737	 -0.487	
  1.731	  4.623	 -0.475	
  2.019	  4.490	 -0.462	
  2.308	  4.339	 -0.446	
  2.596	  4.171	 -0.429	
  2.885	  3.987	 -0.410	
  3.173	  3.788	 -0.389	
  3.462	  3.575	 -0.368	
  3.750	  3.350	 -0.344	
  4.038	  3.114	 -0.320	
  4.327	  2.868	 -0.295	
  4.615	  2.615	 -0.269	
  4.904	  2.355	 -0.242	
  5.192	  2.091	 -0.215	
  5.481	  1.824	 -0.188	
  5.769	  1.555	 -0.160	
  6.058	  1.286	 -0.132	
  6.346	  1.019	 -0.105	
  6.635	  0.755	 -0.078	
  6.923	  0.496	 -0.051	
  7.212	  0.244	 -0.025	
  7.500	  0.000	  0.000	

MatrixASum (discr.)
306276.734	993.484	13395.658	-7909.704	2734.790	-423.586	545.489	-1062.276	794.035	-612.081	686.777	-400.396	
993.484	318891.374	-11613.333	18467.884	-9023.366	3304.537	-1636.000	1692.277	-1449.322	1018.974	-1234.526	865.444	
13395.658	-11613.333	323693.086	-12904.705	19052.166	-10229.994	4445.255	-2024.245	1629.056	-843.248	1210.634	-1138.636	
-7909.704	18467.884	-12904.705	324211.039	-14139.805	20199.792	-10619.428	4377.192	-2199.945	355.588	-755.401	1053.461	
2734.790	-9023.366	19052.166	-14139.805	325323.883	-14581.386	20152.427	-10797.074	4954.163	 37.566	203.236	-598.983	
-423.586	3304.537	-10229.994	20199.792	-14581.386	325242.355	-14817.798	20735.907	-11357.442	-178.986	193.616	  5.447	
545.489	-1636.000	4445.255	-10619.428	20152.427	-14817.798	325816.573	-15368.280	20942.748	194.718	-379.662	407.052	
-1062.276	1692.277	-2024.245	4377.192	-10797.074	20735.907	-15368.280	326027.655	-15367.525	-230.765	412.942	-483.212	
794.035	-1449.322	1629.056	-2199.945	4954.163	-11357.442	20942.748	-15367.525	326130.397	257.196	-338.135	321.622	
-612.081	1018.974	-843.248	355.588	 37.566	-178.986	194.718	-230.765	257.196	305547.297	-8528.007	17205.874	
686.777	-1234.526	1210.634	-755.401	203.236	193.616	-379.662	412.942	-338.135	-8528.007	321582.731	-13407.142	
-400.396	865.444	-1138.636	1053.461	-598.983	  5.447	407.052	-483.212	321.622	17205.874	-13407.142	323258.432	

Omega Matrix
2204.625	-993.484	-13395.657	7909.704	-2734.790	423.586	-545.489	1062.276	-794.035	612.081	-686.777	400.396	
-993.484	1306196.625	11613.333	-18467.885	9023.366	-3304.538	1636.000	-1692.277	1449.322	-1018.974	1234.526	-865.444	
-13395.657	11613.333	3670532.500	12904.705	-19052.166	10229.994	-4445.255	2024.245	-1629.056	843.248	-1210.634	1138.636	
7909.704	-18467.885	12904.705	7091856.500	14139.805	-20199.791	10619.428	-4377.192	2199.945	-355.588	755.401	-1053.461	
-2734.790	9023.366	-19052.166	14139.805	11564530.000	14581.386	-20152.428	10797.074	-4954.163	-37.566	-203.236	598.983	
423.586	-3304.538	10229.994	-20199.791	14581.386	17091346.000	14817.799	-20735.906	11357.441	178.986	-193.616	 -5.447	
-545.489	1636.000	-4445.255	10619.428	-20152.428	14817.799	23671462.000	15368.280	-20942.748	-194.718	379.662	-407.052	
1062.276	-1692.277	2024.245	-4377.192	10797.074	-20735.906	15368.280	31304302.000	15367.525	230.765	-412.942	483.212	
-794.035	1449.322	-1629.056	2199.945	-4954.163	11357.441	-20942.748	15367.525	39989600.000	-257.196	338.135	-321.622	
612.081	-1018.974	843.248	-355.588	-37.566	178.986	-194.718	230.765	-257.196	477611.406	8528.008	-17205.873	
-686.777	1234.526	-1210.634	755.401	-203.236	-193.616	379.662	-412.942	338.135	8528.008	2303711.000	13407.142	
400.396	-865.444	1138.636	-1053.461	598.983	 -5.447	-407.052	483.212	-321.622	-17205.873	13407.142	5196205.000	

Omega Matrix -- Eigenvalues

1306071.625000
2144.990723
477504.656250
2303690.500000
3670536.000000
5196331.000000
7091882.500000
11564550.000000
17091372.000000
23671484.000000
31304334.000000
39989652.000000

Omega Matrix -- Eigenvectors
 -0.001	  1.000	  0.001	 -0.000	  0.004	  0.000	  0.001	  0.000	 -0.000	  0.000	  0.000	  0.000	
  1.000	  0.001	  0.001	  0.001	 -0.005	 -0.000	 -0.003	 -0.001	  0.000	 -0.000	 -0.000	 -0.000	
 -0.005	  0.004	 -0.000	  0.001	 -1.000	  0.001	  0.004	  0.002	 -0.001	  0.000	  0.000	  0.000	
  0.003	 -0.001	  0.000	 -0.000	  0.004	  0.001	  1.000	 -0.003	  0.002	 -0.001	 -0.000	 -0.000	
 -0.001	  0.000	  0.000	  0.000	 -0.002	 -0.000	 -0.003	 -1.000	 -0.003	  0.002	  0.001	  0.000	
  0.000	 -0.000	 -0.000	  0.000	  0.001	  0.000	  0.002	  0.003	 -1.000	 -0.002	 -0.001	 -0.000	
 -0.000	  0.000	  0.000	 -0.000	 -0.000	  0.000	 -0.001	 -0.002	  0.002	 -1.000	  0.002	  0.001	
  0.000	 -0.000	 -0.000	  0.000	  0.000	 -0.000	  0.000	  0.001	 -0.001	  0.002	  1.000	 -0.002	
 -0.000	  0.000	  0.000	 -0.000	 -0.000	  0.000	 -0.000	 -0.000	  0.000	 -0.001	 -0.002	 -1.000	
 -0.001	 -0.001	  1.000	  0.005	 -0.000	 -0.004	 -0.000	  0.000	 -0.000	  0.000	  0.000	  0.000	
 -0.001	  0.000	 -0.005	  1.000	  0.001	  0.005	  0.000	  0.000	  0.000	 -0.000	 -0.000	 -0.000	
  0.000	 -0.000	  0.004	 -0.005	  0.001	  1.000	 -0.001	 -0.000	  0.000	  0.000	  0.000	  0.000	

Product Matrix (Omega Eigenvectors):  E*E^T
  1.000	  0.000	 -0.000	 -0.000	 -0.000	 -0.000	  0.000	  0.000	  0.000	  0.000	  0.000	  0.000	
  0.000	  1.000	  0.000	 -0.000	 -0.000	 -0.000	 -0.000	 -0.000	 -0.000	  0.000	 -0.000	  0.000	
 -0.000	  0.000	  1.000	 -0.000	 -0.000	  0.000	 -0.000	 -0.000	  0.000	  0.000	 -0.000	  0.000	
 -0.000	 -0.000	 -0.000	  1.000	  0.000	  0.000	  0.000	  0.000	  0.000	  0.000	  0.000	  0.000	
 -0.000	 -0.000	 -0.000	  0.000	  1.000	  0.000	  0.000	  0.000	 -0.000	  0.000	 -0.000	  0.000	
 -0.000	 -0.000	  0.000	  0.000	  0.000	  1.000	 -0.000	 -0.000	 -0.000	  0.000	  0.000	 -0.000	
  0.000	 -0.000	 -0.000	  0.000	  0.000	 -0.000	  1.000	  0.000	  0.000	 -0.000	  0.000	  0.000	
  0.000	 -0.000	 -0.000	  0.000	  0.000	 -0.000	  0.000	  1.000	 -0.000	 -0.000	 -0.000	 -0.000	
  0.000	 -0.000	  0.000	  0.000	 -0.000	 -0.000	  0.000	 -0.000	  1.000	 -0.000	 -0.000	  0.000	
  0.000	  0.000	  0.000	  0.000	  0.000	  0.000	 -0.000	 -0.000	 -0.000	  1.000	 -0.000	  0.000	
  0.000	 -0.000	 -0.000	  0.000	 -0.000	  0.000	  0.000	 -0.000	 -0.000	 -0.000	  1.000	 -0.000	
  0.000	  0.000	  0.000	  0.000	  0.000	 -0.000	  0.000	 -0.000	  0.000	  0.000	 -0.000	  1.000	

Product Matrix (Membrane Eigenfunctions) E*E^T
  1.000	  0.000	 -0.000	  0.000	 -0.000	  0.000	 -0.000	  0.000	 -0.000	  0.000	  0.000	  0.000	
  0.000	  1.000	 -0.000	  0.000	 -0.000	  0.000	 -0.000	  0.000	 -0.000	  0.000	  0.000	  0.000	
 -0.000	 -0.000	  1.000	 -0.000	 -0.000	  0.000	 -0.000	  0.000	 -0.000	  0.000	  0.000	  0.000	
  0.000	  0.000	 -0.000	  1.000	  0.000	 -0.000	  0.000	 -0.000	  0.000	  0.000	  0.000	  0.000	
 -0.000	 -0.000	 -0.000	  0.000	  1.000	  0.000	  0.000	 -0.000	  0.000	  0.000	  0.000	  0.000	
  0.000	  0.000	  0.000	 -0.000	  0.000	  1.000	 -0.000	  0.000	 -0.000	  0.000	  0.000	  0.000	
 -0.000	 -0.000	 -0.000	  0.000	  0.000	 -0.000	  1.000	 -0.000	  0.000	  0.000	  0.000	  0.000	
  0.000	  0.000	  0.000	 -0.000	 -0.000	  0.000	 -0.000	  1.000	  0.000	  0.000	  0.000	  0.000	
 -0.000	 -0.000	 -0.000	  0.000	  0.000	 -0.000	  0.000	  0.000	  1.000	  0.000	  0.000	  0.000	
  0.000	  0.000	  0.000	  0.000	  0.000	  0.000	  0.000	  0.000	  0.000	  1.000	  0.000	 -0.000	
  0.000	  0.000	  0.000	  0.000	  0.000	  0.000	  0.000	  0.000	  0.000	  0.000	  1.000	  0.000	
  0.000	  0.000	  0.000	  0.000	  0.000	  0.000	  0.000	  0.000	  0.000	 -0.000	  0.000	  1.000	

Peak Deformation:    10.00 um

Membrane shape:  BesselJ0
Membrane Shape Coeffs, MKS

0.000000069
0.000000000
0.000000000
0.000000000
0.000000000
0.000000000
0.000000000
0.000000000
0.000000000
0.000000000
0.000000000
0.000000000

Electrode Voltage Map
  0.000	  0.000	  0.000	  0.000	  0.000	  0.000	  0.000	  0.000	  0.000	  0.000	  0.000	  0.000	  0.000	  0.000	  0.000	  0.000	  0.000	  0.000	  0.000	  0.000	  0.000	  0.000	  0.000	  0.000	  0.000	  0.000	  0.000	  0.000	  0.000	  0.000	  0.000	  0.000	  0.000	  0.000	  0.000	  0.000	  0.000	  0.000	  0.000	  0.000	  0.000	  0.000	  0.000	  0.000	  0.000	  0.000	  0.000	  0.000	  0.000	  0.000	  0.000	  0.000	  0.000	  0.000	  0.000	
  0.000	 20.000	 20.000	 20.000	 20.000	 20.000	 20.000	 20.000	 20.000	 20.000	 20.000	 20.000	 20.000	 20.000	 20.000	 20.000	 20.000	 20.000	 20.000	 20.000	 20.000	 20.000	 20.000	 20.000	 20.006	 20.018	 20.026	 20.030	 20.030	 20.026	 20.018	 20.006	 20.000	 20.000	 20.000	 20.000	 20.000	 20.000	 20.000	 20.000	 20.000	 20.000	 20.000	 20.000	 20.000	 20.000	 20.000	 20.000	 20.000	 20.000	 20.000	 20.000	 20.000	 20.000	 20.000	
  0.000	 20.000	 20.000	 20.000	 20.000	 20.000	 20.000	 20.000	 20.000	 20.000	 20.000	 20.000	 20.000	 20.000	 20.000	 20.000	 20.000	 20.000	 20.000	 20.000	 20.022	 20.051	 20.075	 20.096	 20.112	 20.124	 20.132	 20.136	 20.136	 20.132	 20.124	 20.112	 20.096	 20.075	 20.051	 20.022	 20.000	 20.000	 20.000	 20.000	 20.000	 20.000	 20.000	 20.000	 20.000	 20.000	 20.000	 20.000	 20.000	 20.000	 20.000	 20.000	 20.000	 20.000	 20.000	
  0.000	 20.000	 20.000	 20.000	 20.000	 20.000	 20.000	 20.000	 20.000	 20.000	 20.000	 20.000	 20.000	 20.000	 20.000	 20.000	 20.000	 20.014	 20.055	 20.092	 20.124	 20.153	 20.177	 20.196	 20.212	 20.224	 20.232	 20.236	 20.236	 20.232	 20.224	 20.212	 20.196	 20.177	 20.153	 20.124	 20.092	 20.055	 20.014	 20.000	 20.000	 20.000	 20.000	 20.000	 20.000	 20.000	 20.000	 20.000	 20.000	 20.000	 20.000	 20.000	 20.000	 20.000	 20.000	
  0.000	 20.000	 20.000	 20.000	 20.000	 20.000	 20.000	 20.000	 20.000	 20.000	 20.000	 20.000	 20.000	 20.000	 20.000	 20.018	 20.067	 20.112	 20.153	 20.189	 20.220	 20.247	 20.270	 20.289	 20.303	 20.314	 20.321	 20.325	 20.325	 20.321	 20.314	 20.303	 20.289	 20.270	 20.247	 20.220	 20.189	 20.153	 20.112	 20.067	 20.018	 20.000	 20.000	 20.000	 20.000	 20.000	 20.000	 20.000	 20.000	 20.000	 20.000	 20.000	 20.000	 20.000	 20.000	
  0.000	 20.000	 20.000	 20.000	 20.000	 20.000	 20.000	 20.000	 20.000	 20.000	 20.000	 20.000	 20.000	 20.002	 20.059	 20.112	 20.161	 20.204	 20.243	 20.277	 20.307	 20.332	 20.353	 20.370	 20.383	 20.393	 20.399	 20.402	 20.402	 20.399	 20.393	 20.383	 20.370	 20.353	 20.332	 20.307	 20.277	 20.243	 20.204	 20.161	 20.112	 20.059	 20.002	 20.000	 20.000	 20.000	 20.000	 20.000	 20.000	 20.000	 20.000	 20.000	 20.000	 20.000	 20.000	
  0.000	 20.000	 20.000	 20.000	 20.000	 20.000	 20.000	 20.000	 20.000	 20.000	 20.000	 20.000	 20.030	 20.092	 20.149	 20.200	 20.247	 20.289	 20.325	 20.356	 20.383	 20.405	 20.423	 20.438	 20.449	 20.457	 20.462	 20.465	 20.465	 20.462	 20.457	 20.449	 20.438	 20.423	 20.405	 20.383	 20.356	 20.325	 20.289	 20.247	 20.200	 20.149	 20.092	 20.030	 20.000	 20.000	 20.000	 20.000	 20.000	 20.000	 20.000	 20.000	 20.000	 20.000	 20.000	
  0.000	 20.000	 20.000	 20.000	 20.000	 20.000	 20.000	 20.000	 20.000	 20.000	 20.000	 20.051	 20.116	 20.177	 20.232	 20.281	 20.325	 20.363	 20.396	 20.423	 20.446	 20.465	 20.480	 20.492	 20.500	 20.506	 20.510	 20.512	 20.512	 20.510	 20.506	 20.500	 20.492	 20.480	 20.465	 20.446	 20.423	 20.396	 20.363	 20.325	 20.281	 20.232	 20.177	 20.116	 20.051	 20.000	 20.000	 20.000	 20.000	 20.000	 20.000	 20.000	 20.000	 20.000	 20.000	
  0.000	 20.000	 20.000	 20.000	 20.000	 20.000	 20.000	 20.000	 20.000	 20.000	 20.063	 20.132	 20.196	 20.255	 20.307	 20.353	 20.393	 20.426	 20.455	 20.478	 20.496	 20.510	 20.521	 20.529	 20.535	 20.539	 20.542	 20.543	 20.543	 20.542	 20.539	 20.535	 20.529	 20.521	 20.510	 20.496	 20.478	 20.455	 20.426	 20.393	 20.353	 20.307	 20.255	 20.196	 20.132	 20.063	 20.000	 20.000	 20.000	 20.000	 20.000	 20.000	 20.000	 20.000	 20.000	
  0.000	 20.000	 20.000	 20.000	 20.000	 20.000	 20.000	 20.000	 20.000	 20.067	 20.141	 20.208	 20.270	 20.325	 20.373	 20.414	 20.449	 20.478	 20.500	 20.518	 20.531	 20.540	 20.547	 20.551	 20.553	 20.555	 20.555	 20.556	 20.556	 20.555	 20.555	 20.553	 20.551	 20.547	 20.540	 20.531	 20.518	 20.500	 20.478	 20.449	 20.414	 20.373	 20.325	 20.270	 20.208	 20.141	 20.067	 20.000	 20.000	 20.000	 20.000	 20.000	 20.000	 20.000	 20.000	
  0.000	 20.000	 20.000	 20.000	 20.000	 20.000	 20.000	 20.000	 20.063	 20.141	 20.212	 20.277	 20.335	 20.386	 20.429	 20.465	 20.494	 20.516	 20.532	 20.544	 20.551	 20.555	 20.556	 20.556	 20.555	 20.553	 20.552	 20.551	 20.551	 20.552	 20.553	 20.555	 20.556	 20.556	 20.555	 20.551	 20.544	 20.532	 20.516	 20.494	 20.465	 20.429	 20.386	 20.335	 20.277	 20.212	 20.141	 20.063	 20.000	 20.000	 20.000	 20.000	 20.000	 20.000	 20.000	
  0.000	 20.000	 20.000	 20.000	 20.000	 20.000	 20.000	 20.051	 20.132	 20.208	 20.277	 20.339	 20.393	 20.438	 20.475	 20.504	 20.526	 20.542	 20.551	 20.555	 20.556	 20.554	 20.550	 20.544	 20.539	 20.535	 20.531	 20.530	 20.530	 20.531	 20.535	 20.539	 20.544	 20.550	 20.554	 20.556	 20.555	 20.551	 20.542	 20.526	 20.504	 20.475	 20.438	 20.393	 20.339	 20.277	 20.208	 20.132	 20.051	 20.000	 20.000	 20.000	 20.000	 20.000	 20.000	
  0.000	 20.000	 20.000	 20.000	 20.000	 20.000	 20.030	 20.116	 20.196	 20.270	 20.335	 20.393	 20.441	 20.480	 20.510	 20.532	 20.547	 20.554	 20.556	 20.553	 20.547	 20.538	 20.528	 20.518	 20.508	 20.501	 20.495	 20.492	 20.492	 20.495	 20.501	 20.508	 20.518	 20.528	 20.538	 20.547	 20.553	 20.556	 20.554	 20.547	 20.532	 20.510	 20.480	 20.441	 20.393	 20.335	 20.270	 20.196	 20.116	 20.030	 20.000	 20.000	 20.000	 20.000	 20.000	
  0.000	 20.000	 20.000	 20.000	 20.000	 20.002	 20.092	 20.177	 20.255	 20.325	 20.386	 20.438	 20.480	 20.512	 20.535	 20.549	 20.556	 20.555	 20.549	 20.538	 20.524	 20.508	 20.492	 20.477	 20.463	 20.452	 20.444	 20.440	 20.440	 20.444	 20.452	 20.463	 20.477	 20.492	 20.508	 20.524	 20.538	 20.549	 20.555	 20.556	 20.549	 20.535	 20.512	 20.480	 20.438	 20.386	 20.325	 20.255	 20.177	 20.092	 20.002	 20.000	 20.000	 20.000	 20.000	
  0.000	 20.000	 20.000	 20.000	 20.000	 20.059	 20.149	 20.232	 20.307	 20.373	 20.429	 20.475	 20.510	 20.535	 20.550	 20.556	 20.554	 20.544	 20.530	 20.511	 20.489	 20.466	 20.444	 20.423	 20.405	 20.390	 20.380	 20.375	 20.375	 20.380	 20.390	 20.405	 20.423	 20.444	 20.466	 20.489	 20.511	 20.530	 20.544	 20.554	 20.556	 20.550	 20.535	 20.510	 20.475	 20.429	 20.373	 20.307	 20.232	 20.149	 20.059	 20.000	 20.000	 20.000	 20.000	
  0.000	 20.000	 20.000	 20.000	 20.018	 20.112	 20.200	 20.281	 20.353	 20.414	 20.465	 20.504	 20.532	 20.549	 20.556	 20.553	 20.542	 20.524	 20.501	 20.473	 20.444	 20.414	 20.385	 20.359	 20.336	 20.318	 20.306	 20.299	 20.299	 20.306	 20.318	 20.336	 20.359	 20.385	 20.414	 20.444	 20.473	 20.501	 20.524	 20.542	 20.553	 20.556	 20.549	 20.532	 20.504	 20.465	 20.414	 20.353	 20.281	 20.200	 20.112	 20.018	 20.000	 20.000	 20.000	
  0.000	 20.000	 20.000	 20.000	 20.067	 20.161	 20.247	 20.325	 20.393	 20.449	 20.494	 20.526	 20.547	 20.556	 20.554	 20.542	 20.522	 20.495	 20.463	 20.427	 20.390	 20.353	 20.318	 20.286	 20.259	 20.238	 20.223	 20.215	 20.215	 20.223	 20.238	 20.259	 20.286	 20.318	 20.353	 20.390	 20.427	 20.463	 20.495	 20.522	 20.542	 20.554	 20.556	 20.547	 20.526	 20.494	 20.449	 20.393	 20.325	 20.247	 20.161	 20.067	 20.000	 20.000	 20.000	
  0.000	 20.000	 20.000	 20.014	 20.112	 20.204	 20.289	 20.363	 20.426	 20.478	 20.516	 20.542	 20.554	 20.555	 20.544	 20.524	 20.495	 20.459	 20.419	 20.375	 20.330	 20.286	 20.245	 20.208	 20.176	 20.151	 20.134	 20.126	 20.126	 20.134	 20.151	 20.176	 20.208	 20.245	 20.286	 20.330	 20.375	 20.419	 20.459	 20.495	 20.524	 20.544	 20.555	 20.554	 20.542	 20.516	 20.478	 20.426	 20.363	 20.289	 20.204	 20.112	 20.014	 20.000	 20.000	
  0.000	 20.000	 20.000	 20.055	 20.153	 20.243	 20.325	 20.396	 20.455	 20.500	 20.532	 20.551	 20.556	 20.549	 20.530	 20.501	 20.463	 20.419	 20.370	 20.318	 20.266	 20.215	 20.168	 20.126	 20.090	 20.062	 20.043	 20.033	 20.033	 20.043	 20.062	 20.090	 20.126	 20.168	 20.215	 20.266	 20.318	 20.370	 20.419	 20.463	 20.501	 20.530	 20.549	 20.556	 20.551	 20.532	 20.500	 20.455	 20.396	 20.325	 20.243	 20.153	 20.055	 20.000	 20.000	
  0.000	 20.000	 20.000	 20.092	 20.189	 20.277	 20.356	 20.423	 20.478	 20.518	 20.544	 20.555	 20.553	 20.538	 20.511	 20.473	 20.427	 20.375	 20.318	 20.259	 20.200	 20.143	 20.090	 20.043	 20.003	 19.972	 19.951	 19.940	 19.940	 19.951	 19.972	 20.003	 20.043	 20.090	 20.143	 20.200	 20.259	 20.318	 20.375	 20.427	 20.473	 20.511	 20.538	 20.553	 20.555	 20.544	 20.518	 20.478	 20.423	 20.356	 20.277	 20.189	 20.092	 20.000	 20.000	
  0.000	 20.000	 20.022	 20.124	 20.220	 20.307	 20.383	 20.446	 20.496	 20.531	 20.551	 20.556	 20.547	 20.524	 20.489	 20.444	 20.390	 20.330	 20.266	 20.200	 20.134	 20.071	 20.013	 19.961	 19.918	 19.884	 19.861	 19.849	 19.849	 19.861	 19.884	 19.918	 19.961	 20.013	 20.071	 20.134	 20.200	 20.266	 20.330	 20.390	 20.444	 20.489	 20.524	 20.547	 20.556	 20.551	 20.531	 20.496	 20.446	 20.383	 20.307	 20.220	 20.124	 20.022	 20.000	
  0.000	 20.000	 20.051	 20.153	 20.247	 20.332	 20.405	 20.465	 20.510	 20.540	 20.555	 20.554	 20.538	 20.508	 20.466	 20.414	 20.353	 20.286	 20.215	 20.143	 20.071	 20.003	 19.940	 19.884	 19.837	 19.801	 19.776	 19.763	 19.763	 19.776	 19.801	 19.837	 19.884	 19.940	 20.003	 20.071	 20.143	 20.215	 20.286	 20.353	 20.414	 20.466	 20.508	 20.538	 20.554	 20.555	 20.540	 20.510	 20.465	 20.405	 20.332	 20.247	 20.153	 20.051	 20.000	
  0.000	 20.000	 20.075	 20.177	 20.270	 20.353	 20.423	 20.480	 20.521	 20.547	 20.556	 20.550	 20.528	 20.492	 20.444	 20.385	 20.318	 20.245	 20.168	 20.090	 20.013	 19.940	 19.873	 19.813	 19.763	 19.725	 19.698	 19.685	 19.685	 19.698	 19.725	 19.763	 19.813	 19.873	 19.940	 20.013	 20.090	 20.168	 20.245	 20.318	 20.385	 20.444	 20.492	 20.528	 20.550	 20.556	 20.547	 20.521	 20.480	 20.423	 20.353	 20.270	 20.177	 20.075	 20.000	
  0.000	 20.000	 20.096	 20.196	 20.289	 20.370	 20.438	 20.492	 20.529	 20.551	 20.556	 20.544	 20.518	 20.477	 20.423	 20.359	 20.286	 20.208	 20.126	 20.043	 19.961	 19.884	 19.813	 19.751	 19.698	 19.658	 19.630	 19.616	 19.616	 19.630	 19.658	 19.698	 19.751	 19.813	 19.884	 19.961	 20.043	 20.126	 20.208	 20.286	 20.359	 20.423	 20.477	 20.518	 20.544	 20.556	 20.551	 20.529	 20.492	 20.438	 20.370	 20.289	 20.196	 20.096	 20.000	
  0.000	 20.006	 20.112	 20.212	 20.303	 20.383	 20.449	 20.500	 20.535	 20.553	 20.555	 20.539	 20.508	 20.463	 20.405	 20.336	 20.259	 20.176	 20.090	 20.003	 19.918	 19.837	 19.763	 19.698	 19.644	 19.602	 19.573	 19.558	 19.558	 19.573	 19.602	 19.644	 19.698	 19.763	 19.837	 19.918	 20.003	 20.090	 20.176	 20.259	 20.336	 20.405	 20.463	 20.508	 20.539	 20.555	 20.553	 20.535	 20.500	 20.449	 20.383	 20.303	 20.212	 20.112	 20.006	
  0.000	 20.018	 20.124	 20.224	 20.314	 20.393	 20.457	 20.506	 20.539	 20.555	 20.553	 20.535	 20.501	 20.452	 20.390	 20.318	 20.238	 20.151	 20.062	 19.972	 19.884	 19.801	 19.725	 19.658	 19.602	 19.558	 19.529	 19.514	 19.514	 19.529	 19.558	 19.602	 19.658	 19.725	 19.801	 19.884	 19.972	 20.062	 20.151	 20.238	 20.318	 20.390	 20.452	 20.501	 20.535	 20.553	 20.555	 20.539	 20.506	 20.457	 20.393	 20.314	 20.224	 20.124	 20.018	
  0.000	 20.026	 20.132	 20.232	 20.321	 20.399	 20.462	 20.510	 20.542	 20.555	 20.552	 20.531	 20.495	 20.444	 20.380	 20.306	 20.223	 20.134	 20.043	 19.951	 19.861	 19.776	 19.698	 19.630	 19.573	 19.529	 19.498	 19.483	 19.483	 19.498	 19.529	 19.573	 19.630	 19.698	 19.776	 19.861	 19.951	 20.043	 20.134	 20.223	 20.306	 20.380	 20.444	 20.495	 20.531	 20.552	 20.555	 20.542	 20.510	 20.462	 20.399	 20.321	 20.232	 20.132	 20.026	
  0.000	 20.030	 20.136	 20.236	 20.325	 20.402	 20.465	 20.512	 20.543	 20.556	 20.551	 20.530	 20.492	 20.440	 20.375	 20.299	 20.215	 20.126	 20.033	 19.940	 19.849	 19.763	 19.685	 19.616	 19.558	 19.514	 19.483	 19.468	 19.468	 19.483	 19.514	 19.558	 19.616	 19.685	 19.763	 19.849	 19.940	 20.033	 20.126	 20.215	 20.299	 20.375	 20.440	 20.492	 20.530	 20.551	 20.556	 20.543	 20.512	 20.465	 20.402	 20.325	 20.236	 20.136	 20.030	
  0.000	 20.030	 20.136	 20.236	 20.325	 20.402	 20.465	 20.512	 20.543	 20.556	 20.551	 20.530	 20.492	 20.440	 20.375	 20.299	 20.215	 20.126	 20.033	 19.940	 19.849	 19.763	 19.685	 19.616	 19.558	 19.514	 19.483	 19.468	 19.468	 19.483	 19.514	 19.558	 19.616	 19.685	 19.763	 19.849	 19.940	 20.033	 20.126	 20.215	 20.299	 20.375	 20.440	 20.492	 20.530	 20.551	 20.556	 20.543	 20.512	 20.465	 20.402	 20.325	 20.236	 20.136	 20.030	
  0.000	 20.026	 20.132	 20.232	 20.321	 20.399	 20.462	 20.510	 20.542	 20.555	 20.552	 20.531	 20.495	 20.444	 20.380	 20.306	 20.223	 20.134	 20.043	 19.951	 19.861	 19.776	 19.698	 19.630	 19.573	 19.529	 19.498	 19.483	 19.483	 19.498	 19.529	 19.573	 19.630	 19.698	 19.776	 19.861	 19.951	 20.043	 20.134	 20.223	 20.306	 20.380	 20.444	 20.495	 20.531	 20.552	 20.555	 20.542	 20.510	 20.462	 20.399	 20.321	 20.232	 20.132	 20.026	
  0.000	 20.018	 20.124	 20.224	 20.314	 20.393	 20.457	 20.506	 20.539	 20.555	 20.553	 20.535	 20.501	 20.452	 20.390	 20.318	 20.238	 20.151	 20.062	 19.972	 19.884	 19.801	 19.725	 19.658	 19.602	 19.558	 19.529	 19.514	 19.514	 19.529	 19.558	 19.602	 19.658	 19.725	 19.801	 19.884	 19.972	 20.062	 20.151	 20.238	 20.318	 20.390	 20.452	 20.501	 20.535	 20.553	 20.555	 20.539	 20.506	 20.457	 20.393	 20.314	 20.224	 20.124	 20.018	
  0.000	 20.006	 20.112	 20.212	 20.303	 20.383	 20.449	 20.500	 20.535	 20.553	 20.555	 20.539	 20.508	 20.463	 20.405	 20.336	 20.259	 20.176	 20.090	 20.003	 19.918	 19.837	 19.763	 19.698	 19.644	 19.602	 19.573	 19.558	 19.558	 19.573	 19.602	 19.644	 19.698	 19.763	 19.837	 19.918	 20.003	 20.090	 20.176	 20.259	 20.336	 20.405	 20.463	 20.508	 20.539	 20.555	 20.553	 20.535	 20.500	 20.449	 20.383	 20.303	 20.212	 20.112	 20.006	
  0.000	 20.000	 20.096	 20.196	 20.289	 20.370	 20.438	 20.492	 20.529	 20.551	 20.556	 20.544	 20.518	 20.477	 20.423	 20.359	 20.286	 20.208	 20.126	 20.043	 19.961	 19.884	 19.813	 19.751	 19.698	 19.658	 19.630	 19.616	 19.616	 19.630	 19.658	 19.698	 19.751	 19.813	 19.884	 19.961	 20.043	 20.126	 20.208	 20.286	 20.359	 20.423	 20.477	 20.518	 20.544	 20.556	 20.551	 20.529	 20.492	 20.438	 20.370	 20.289	 20.196	 20.096	 20.000	
  0.000	 20.000	 20.075	 20.177	 20.270	 20.353	 20.423	 20.480	 20.521	 20.547	 20.556	 20.550	 20.528	 20.492	 20.444	 20.385	 20.318	 20.245	 20.168	 20.090	 20.013	 19.940	 19.873	 19.813	 19.763	 19.725	 19.698	 19.685	 19.685	 19.698	 19.725	 19.763	 19.813	 19.873	 19.940	 20.013	 20.090	 20.168	 20.245	 20.318	 20.385	 20.444	 20.492	 20.528	 20.550	 20.556	 20.547	 20.521	 20.480	 20.423	 20.353	 20.270	 20.177	 20.075	 20.000	
  0.000	 20.000	 20.051	 20.153	 20.247	 20.332	 20.405	 20.465	 20.510	 20.540	 20.555	 20.554	 20.538	 20.508	 20.466	 20.414	 20.353	 20.286	 20.215	 20.143	 20.071	 20.003	 19.940	 19.884	 19.837	 19.801	 19.776	 19.763	 19.763	 19.776	 19.801	 19.837	 19.884	 19.940	 20.003	 20.071	 20.143	 20.215	 20.286	 20.353	 20.414	 20.466	 20.508	 20.538	 20.554	 20.555	 20.540	 20.510	 20.465	 20.405	 20.332	 20.247	 20.153	 20.051	 20.000	
  0.000	 20.000	 20.022	 20.124	 20.220	 20.307	 20.383	 20.446	 20.496	 20.531	 20.551	 20.556	 20.547	 20.524	 20.489	 20.444	 20.390	 20.330	 20.266	 20.200	 20.134	 20.071	 20.013	 19.961	 19.918	 19.884	 19.861	 19.849	 19.849	 19.861	 19.884	 19.918	 19.961	 20.013	 20.071	 20.134	 20.200	 20.266	 20.330	 20.390	 20.444	 20.489	 20.524	 20.547	 20.556	 20.551	 20.531	 20.496	 20.446	 20.383	 20.307	 20.220	 20.124	 20.022	 20.000	
  0.000	 20.000	 20.000	 20.092	 20.189	 20.277	 20.356	 20.423	 20.478	 20.518	 20.544	 20.555	 20.553	 20.538	 20.511	 20.473	 20.427	 20.375	 20.318	 20.259	 20.200	 20.143	 20.090	 20.043	 20.003	 19.972	 19.951	 19.940	 19.940	 19.951	 19.972	 20.003	 20.043	 20.090	 20.143	 20.200	 20.259	 20.318	 20.375	 20.427	 20.473	 20.511	 20.538	 20.553	 20.555	 20.544	 20.518	 20.478	 20.423	 20.356	 20.277	 20.189	 20.092	 20.000	 20.000	
  0.000	 20.000	 20.000	 20.055	 20.153	 20.243	 20.325	 20.396	 20.455	 20.500	 20.532	 20.551	 20.556	 20.549	 20.530	 20.501	 20.463	 20.419	 20.370	 20.318	 20.266	 20.215	 20.168	 20.126	 20.090	 20.062	 20.043	 20.033	 20.033	 20.043	 20.062	 20.090	 20.126	 20.168	 20.215	 20.266	 20.318	 20.370	 20.419	 20.463	 20.501	 20.530	 20.549	 20.556	 20.551	 20.532	 20.500	 20.455	 20.396	 20.325	 20.243	 20.153	 20.055	 20.000	 20.000	
  0.000	 20.000	 20.000	 20.014	 20.112	 20.204	 20.289	 20.363	 20.426	 20.478	 20.516	 20.542	 20.554	 20.555	 20.544	 20.524	 20.495	 20.459	 20.419	 20.375	 20.330	 20.286	 20.245	 20.208	 20.176	 20.151	 20.134	 20.126	 20.126	 20.134	 20.151	 20.176	 20.208	 20.245	 20.286	 20.330	 20.375	 20.419	 20.459	 20.495	 20.524	 20.544	 20.555	 20.554	 20.542	 20.516	 20.478	 20.426	 20.363	 20.289	 20.204	 20.112	 20.014	 20.000	 20.000	
  0.000	 20.000	 20.000	 20.000	 20.067	 20.161	 20.247	 20.325	 20.393	 20.449	 20.494	 20.526	 20.547	 20.556	 20.554	 20.542	 20.522	 20.495	 20.463	 20.427	 20.390	 20.353	 20.318	 20.286	 20.259	 20.238	 20.223	 20.215	 20.215	 20.223	 20.238	 20.259	 20.286	 20.318	 20.353	 20.390	 20.427	 20.463	 20.495	 20.522	 20.542	 20.554	 20.556	 20.547	 20.526	 20.494	 20.449	 20.393	 20.325	 20.247	 20.161	 20.067	 20.000	 20.000	 20.000	
  0.000	 20.000	 20.000	 20.000	 20.018	 20.112	 20.200	 20.281	 20.353	 20.414	 20.465	 20.504	 20.532	 20.549	 20.556	 20.553	 20.542	 20.524	 20.501	 20.473	 20.444	 20.414	 20.385	 20.359	 20.336	 20.318	 20.306	 20.299	 20.299	 20.306	 20.318	 20.336	 20.359	 20.385	 20.414	 20.444	 20.473	 20.501	 20.524	 20.542	 20.553	 20.556	 20.549	 20.532	 20.504	 20.465	 20.414	 20.353	 20.281	 20.200	 20.112	 20.018	 20.000	 20.000	 20.000	
  0.000	 20.000	 20.000	 20.000	 20.000	 20.059	 20.149	 20.232	 20.307	 20.373	 20.429	 20.475	 20.510	 20.535	 20.550	 20.556	 20.554	 20.544	 20.530	 20.511	 20.489	 20.466	 20.444	 20.423	 20.405	 20.390	 20.380	 20.375	 20.375	 20.380	 20.390	 20.405	 20.423	 20.444	 20.466	 20.489	 20.511	 20.530	 20.544	 20.554	 20.556	 20.550	 20.535	 20.510	 20.475	 20.429	 20.373	 20.307	 20.232	 20.149	 20.059	 20.000	 20.000	 20.000	 20.000	
  0.000	 20.000	 20.000	 20.000	 20.000	 20.002	 20.092	 20.177	 20.255	 20.325	 20.386	 20.438	 20.480	 20.512	 20.535	 20.549	 20.556	 20.555	 20.549	 20.538	 20.524	 20.508	 20.492	 20.477	 20.463	 20.452	 20.444	 20.440	 20.440	 20.444	 20.452	 20.463	 20.477	 20.492	 20.508	 20.524	 20.538	 20.549	 20.555	 20.556	 20.549	 20.535	 20.512	 20.480	 20.438	 20.386	 20.325	 20.255	 20.177	 20.092	 20.002	 20.000	 20.000	 20.000	 20.000	
  0.000	 20.000	 20.000	 20.000	 20.000	 20.000	 20.030	 20.116	 20.196	 20.270	 20.335	 20.393	 20.441	 20.480	 20.510	 20.532	 20.547	 20.554	 20.556	 20.553	 20.547	 20.538	 20.528	 20.518	 20.508	 20.501	 20.495	 20.492	 20.492	 20.495	 20.501	 20.508	 20.518	 20.528	 20.538	 20.547	 20.553	 20.556	 20.554	 20.547	 20.532	 20.510	 20.480	 20.441	 20.393	 20.335	 20.270	 20.196	 20.116	 20.030	 20.000	 20.000	 20.000	 20.000	 20.000	
  0.000	 20.000	 20.000	 20.000	 20.000	 20.000	 20.000	 20.051	 20.132	 20.208	 20.277	 20.339	 20.393	 20.438	 20.475	 20.504	 20.526	 20.542	 20.551	 20.555	 20.556	 20.554	 20.550	 20.544	 20.539	 20.535	 20.531	 20.530	 20.530	 20.531	 20.535	 20.539	 20.544	 20.550	 20.554	 20.556	 20.555	 20.551	 20.542	 20.526	 20.504	 20.475	 20.438	 20.393	 20.339	 20.277	 20.208	 20.132	 20.051	 20.000	 20.000	 20.000	 20.000	 20.000	 20.000	
  0.000	 20.000	 20.000	 20.000	 20.000	 20.000	 20.000	 20.000	 20.063	 20.141	 20.212	 20.277	 20.335	 20.386	 20.429	 20.465	 20.494	 20.516	 20.532	 20.544	 20.551	 20.555	 20.556	 20.556	 20.555	 20.553	 20.552	 20.551	 20.551	 20.552	 20.553	 20.555	 20.556	 20.556	 20.555	 20.551	 20.544	 20.532	 20.516	 20.494	 20.465	 20.429	 20.386	 20.335	 20.277	 20.212	 20.141	 20.063	 20.000	 20.000	 20.000	 20.000	 20.000	 20.000	 20.000	
  0.000	 20.000	 20.000	 20.000	 20.000	 20.000	 20.000	 20.000	 20.000	 20.067	 20.141	 20.208	 20.270	 20.325	 20.373	 20.414	 20.449	 20.478	 20.500	 20.518	 20.531	 20.540	 20.547	 20.551	 20.553	 20.555	 20.555	 20.556	 20.556	 20.555	 20.555	 20.553	 20.551	 20.547	 20.540	 20.531	 20.518	 20.500	 20.478	 20.449	 20.414	 20.373	 20.325	 20.270	 20.208	 20.141	 20.067	 20.000	 20.000	 20.000	 20.000	 20.000	 20.000	 20.000	 20.000	
  0.000	 20.000	 20.000	 20.000	 20.000	 20.000	 20.000	 20.000	 20.000	 20.000	 20.063	 20.132	 20.196	 20.255	 20.307	 20.353	 20.393	 20.426	 20.455	 20.478	 20.496	 20.510	 20.521	 20.529	 20.535	 20.539	 20.542	 20.543	 20.543	 20.542	 20.539	 20.535	 20.529	 20.521	 20.510	 20.496	 20.478	 20.455	 20.426	 20.393	 20.353	 20.307	 20.255	 20.196	 20.132	 20.063	 20.000	 20.000	 20.000	 20.000	 20.000	 20.000	 20.000	 20.000	 20.000	
  0.000	 20.000	 20.000	 20.000	 20.000	 20.000	 20.000	 20.000	 20.000	 20.000	 20.000	 20.051	 20.116	 20.177	 20.232	 20.281	 20.325	 20.363	 20.396	 20.423	 20.446	 20.465	 20.480	 20.492	 20.500	 20.506	 20.510	 20.512	 20.512	 20.510	 20.506	 20.500	 20.492	 20.480	 20.465	 20.446	 20.423	 20.396	 20.363	 20.325	 20.281	 20.232	 20.177	 20.116	 20.051	 20.000	 20.000	 20.000	 20.000	 20.000	 20.000	 20.000	 20.000	 20.000	 20.000	
  0.000	 20.000	 20.000	 20.000	 20.000	 20.000	 20.000	 20.000	 20.000	 20.000	 20.000	 20.000	 20.030	 20.092	 20.149	 20.200	 20.247	 20.289	 20.325	 20.356	 20.383	 20.405	 20.423	 20.438	 20.449	 20.457	 20.462	 20.465	 20.465	 20.462	 20.457	 20.449	 20.438	 20.423	 20.405	 20.383	 20.356	 20.325	 20.289	 20.247	 20.200	 20.149	 20.092	 20.030	 20.000	 20.000	 20.000	 20.000	 20.000	 20.000	 20.000	 20.000	 20.000	 20.000	 20.000	
  0.000	 20.000	 20.000	 20.000	 20.000	 20.000	 20.000	 20.000	 20.000	 20.000	 20.000	 20.000	 20.000	 20.002	 20.059	 20.112	 20.161	 20.204	 20.243	 20.277	 20.307	 20.332	 20.353	 20.370	 20.383	 20.393	 20.399	 20.402	 20.402	 20.399	 20.393	 20.383	 20.370	 20.353	 20.332	 20.307	 20.277	 20.243	 20.204	 20.161	 20.112	 20.059	 20.002	 20.000	 20.000	 20.000	 20.000	 20.000	 20.000	 20.000	 20.000	 20.000	 20.000	 20.000	 20.000	
  0.000	 20.000	 20.000	 20.000	 20.000	 20.000	 20.000	 20.000	 20.000	 20.000	 20.000	 20.000	 20.000	 20.000	 20.000	 20.018	 20.067	 20.112	 20.153	 20.189	 20.220	 20.247	 20.270	 20.289	 20.303	 20.314	 20.321	 20.325	 20.325	 20.321	 20.314	 20.303	 20.289	 20.270	 20.247	 20.220	 20.189	 20.153	 20.112	 20.067	 20.018	 20.000	 20.000	 20.000	 20.000	 20.000	 20.000	 20.000	 20.000	 20.000	 20.000	 20.000	 20.000	 20.000	 20.000	
  0.000	 20.000	 20.000	 20.000	 20.000	 20.000	 20.000	 20.000	 20.000	 20.000	 20.000	 20.000	 20.000	 20.000	 20.000	 20.000	 20.000	 20.014	 20.055	 20.092	 20.124	 20.153	 20.177	 20.196	 20.212	 20.224	 20.232	 20.236	 20.236	 20.232	 20.224	 20.212	 20.196	 20.177	 20.153	 20.124	 20.092	 20.055	 20.014	 20.000	 20.000	 20.000	 20.000	 20.000	 20.000	 20.000	 20.000	 20.000	 20.000	 20.000	 20.000	 20.000	 20.000	 20.000	 20.000	
  0.000	 20.000	 20.000	 20.000	 20.000	 20.000	 20.000	 20.000	 20.000	 20.000	 20.000	 20.000	 20.000	 20.000	 20.000	 20.000	 20.000	 20.000	 20.000	 20.000	 20.022	 20.051	 20.075	 20.096	 20.112	 20.124	 20.132	 20.136	 20.136	 20.132	 20.124	 20.112	 20.096	 20.075	 20.051	 20.022	 20.000	 20.000	 20.000	 20.000	 20.000	 20.000	 20.000	 20.000	 20.000	 20.000	 20.000	 20.000	 20.000	 20.000	 20.000	 20.000	 20.000	 20.000	 20.000	
  0.000	 20.000	 20.000	 20.000	 20.000	 20.000	 20.000	 20.000	 20.000	 20.000	 20.000	 20.000	 20.000	 20.000	 20.000	 20.000	 20.000	 20.000	 20.000	 20.000	 20.000	 20.000	 20.000	 20.000	 20.006	 20.018	 20.026	 20.030	 20.030	 20.026	 20.018	 20.006	 20.000	 20.000	 20.000	 20.000	 20.000	 20.000	 20.000	 20.000	 20.000	 20.000	 20.000	 20.000	 20.000	  0.000	  0.000	  0.000	  0.000	  0.000	  0.000	  0.000	  0.000	  0.000	  0.000	

TestMembraneExpansion: r_mm,xi_um,del2(xi)_MKS
  0.000	 10.001	 -1.028	
  0.288	  9.979	 -1.026	
  0.577	  9.915	 -1.020	
  0.865	  9.809	 -1.009	
  1.154	  9.661	 -0.993	
  1.442	  9.473	 -0.974	
  1.731	  9.245	 -0.951	
  2.019	  8.980	 -0.923	
  2.308	  8.678	 -0.892	
  2.596	  8.342	 -0.858	
  2.885	  7.973	 -0.820	
  3.173	  7.575	 -0.779	
  3.462	  7.150	 -0.735	
  3.750	  6.699	 -0.689	
  4.038	  6.227	 -0.640	
  4.327	  5.737	 -0.590	
  4.615	  5.230	 -0.538	
  4.904	  4.711	 -0.484	
  5.192	  4.182	 -0.430	
  5.481	  3.647	 -0.375	
  5.769	  3.109	 -0.320	
  6.058	  2.572	 -0.264	
  6.346	  2.038	 -0.210	
  6.635	  1.510	 -0.155	
  6.923	  0.993	 -0.102	
  7.212	  0.488	 -0.050	
  7.500	  0.000	  0.000	

MatrixASum (discr.)
393289.471	41273.359	15565.673	-7768.865	2711.176	-396.871	519.840	-1039.307	776.809	-622.063	701.182	-414.021	
41273.359	394206.682	26688.250	20468.676	-8853.851	3247.083	-1578.584	1642.439	-1411.691	1038.424	-1262.711	892.355	
15565.673	26688.250	397744.459	25092.419	20995.823	-10031.134	4363.365	-1952.027	1574.337	-865.307	1242.908	-1170.106	
-7768.865	20468.676	25092.419	397888.704	23775.934	22110.038	-10406.080	4290.333	-2130.089	372.679	-780.981	1079.609	
2711.176	-8853.851	20995.823	23775.934	398830.689	23286.918	22049.101	-10586.041	4872.255	 30.803	214.344	-612.375	
-396.871	3247.083	-10031.134	22110.038	23286.918	398669.131	23006.863	22633.331	-11149.741	-183.753	198.993	  3.597	
519.840	-1578.584	4363.365	-10406.080	22049.101	23006.863	399206.459	22438.654	22838.871	207.884	-397.445	421.211	
-1039.307	1642.439	-1952.027	4290.333	-10586.041	22633.331	22438.654	399389.022	22435.300	-246.424	435.040	-502.947	
776.809	-1411.691	1574.337	-2130.089	4872.255	-11149.741	22838.871	22435.300	399465.307	269.201	-355.909	339.272	
-622.063	1038.424	-865.307	372.679	 30.803	-183.753	207.884	-246.424	269.201	365976.113	25821.027	18928.002	
701.182	-1262.711	1242.908	-780.981	214.344	198.993	-397.445	435.040	-355.909	25821.027	391666.377	23091.038	
-414.021	892.355	-1170.106	1079.609	-612.375	  3.597	421.211	-502.947	339.272	18928.002	23091.038	395054.336	

Omega Matrix
-84808.125	-41273.359	-15565.673	7768.865	-2711.176	396.871	-519.840	1039.307	-776.809	622.063	-701.182	414.021	
-41273.359	1230881.250	-26688.250	-20468.676	8853.851	-3247.083	1578.584	-1642.439	1411.691	-1038.424	1262.711	-892.355	
-15565.673	-26688.250	3596481.000	-25092.420	-20995.822	10031.134	-4363.365	1952.027	-1574.337	865.307	-1242.908	1170.105	
7768.865	-20468.676	-25092.420	7018179.000	-23775.934	-22110.037	10406.079	-4290.333	2130.089	-372.679	780.981	-1079.609	
-2711.176	8853.851	-20995.822	-23775.934	11491023.000	-23286.918	-22049.102	10586.041	-4872.255	-30.803	-214.344	612.375	
396.871	-3247.083	10031.134	-22110.037	-23286.918	17017918.000	-23006.863	-22633.332	11149.741	183.753	-198.993	 -3.597	
-519.840	1578.584	-4363.365	10406.079	-22049.102	-23006.863	23598072.000	-22438.654	-22838.871	-207.884	397.445	-421.211	
1039.307	-1642.439	1952.027	-4290.333	10586.041	-22633.332	-22438.654	31230940.000	-22435.299	246.424	-435.040	502.947	
-776.809	1411.691	-1574.337	2130.089	-4872.255	11149.741	-22838.871	-22435.299	39916268.000	-269.201	355.909	-339.272	
622.063	-1038.424	865.307	-372.679	-30.803	183.753	-207.884	246.424	-269.201	417182.562	-25821.027	-18928.002	
-701.182	1262.711	-1242.908	780.981	-214.344	-198.993	397.445	-435.040	355.909	-25821.027	2233627.500	-23091.039	
414.021	-892.355	1170.105	-1079.609	612.375	 -3.597	-421.211	502.947	-339.272	-18928.002	-23091.039	5124409.000	

Omega Matrix -- Eigenvalues

1231799.375000
-86183.562500
416735.625000
2233816.000000
3596600.500000
5124665.500000
7018266.000000
11491071.000000
17017952.000000
23598102.000000
31230990.000000
39916368.000000

Omega Matrix -- Eigenvectors
  0.031	 -0.999	 -0.001	  0.000	  0.004	  0.000	  0.001	  0.000	  0.000	  0.000	 -0.000	  0.000	
 -0.999	 -0.031	 -0.001	 -0.001	  0.011	 -0.000	 -0.004	 -0.001	 -0.000	 -0.000	  0.000	 -0.000	
 -0.011	 -0.004	  0.000	 -0.001	 -1.000	  0.001	 -0.007	  0.003	  0.001	  0.000	 -0.000	  0.000	
 -0.004	  0.001	 -0.000	  0.000	 -0.007	  0.001	  1.000	  0.005	 -0.002	 -0.001	  0.000	 -0.000	
  0.001	 -0.000	 -0.000	 -0.000	 -0.003	 -0.000	  0.005	 -1.000	 -0.004	  0.002	 -0.001	  0.000	
 -0.000	  0.000	  0.000	 -0.000	  0.001	  0.000	  0.002	 -0.004	  1.000	  0.004	  0.002	 -0.000	
  0.000	 -0.000	 -0.000	  0.000	 -0.000	  0.000	 -0.001	 -0.002	  0.003	 -1.000	  0.003	  0.001	
 -0.000	  0.000	  0.000	 -0.000	  0.000	 -0.000	  0.000	  0.001	  0.002	 -0.003	 -1.000	  0.003	
  0.000	 -0.000	 -0.000	  0.000	 -0.000	  0.000	 -0.000	 -0.000	 -0.000	 -0.001	 -0.003	 -1.000	
  0.001	  0.001	 -1.000	  0.014	 -0.000	 -0.004	 -0.000	  0.000	  0.000	  0.000	 -0.000	  0.000	
  0.001	 -0.000	 -0.014	 -1.000	  0.001	 -0.008	  0.000	  0.000	 -0.000	 -0.000	  0.000	 -0.000	
 -0.000	  0.000	 -0.004	 -0.008	  0.001	  1.000	 -0.001	 -0.000	 -0.000	  0.000	 -0.000	  0.000	

Product Matrix (Omega Eigenvectors):  E*E^T
  1.000	  0.000	 -0.000	  0.000	 -0.000	 -0.000	  0.000	  0.000	  0.000	 -0.000	  0.000	  0.000	
  0.000	  1.000	 -0.000	 -0.000	 -0.000	 -0.000	  0.000	  0.000	  0.000	 -0.000	  0.000	  0.000	
 -0.000	 -0.000	  1.000	 -0.000	 -0.000	  0.000	  0.000	  0.000	  0.000	  0.000	  0.000	  0.000	
  0.000	 -0.000	 -0.000	  1.000	  0.000	 -0.000	 -0.000	 -0.000	 -0.000	  0.000	 -0.000	 -0.000	
 -0.000	 -0.000	 -0.000	  0.000	  1.000	  0.000	  0.000	  0.000	  0.000	 -0.000	  0.000	  0.000	
 -0.000	 -0.000	  0.000	 -0.000	  0.000	  1.000	  0.000	  0.000	  0.000	  0.000	 -0.000	  0.000	
  0.000	  0.000	  0.000	 -0.000	  0.000	  0.000	  1.000	  0.000	  0.000	 -0.000	 -0.000	 -0.000	
  0.000	  0.000	  0.000	 -0.000	  0.000	  0.000	  0.000	  1.000	 -0.000	 -0.000	  0.000	 -0.000	
  0.000	  0.000	  0.000	 -0.000	  0.000	  0.000	  0.000	 -0.000	  1.000	 -0.000	  0.000	 -0.000	
 -0.000	 -0.000	  0.000	  0.000	 -0.000	  0.000	 -0.000	 -0.000	 -0.000	  1.000	 -0.000	 -0.000	
  0.000	  0.000	  0.000	 -0.000	  0.000	 -0.000	 -0.000	  0.000	  0.000	 -0.000	  1.000	 -0.000	
  0.000	  0.000	  0.000	 -0.000	  0.000	  0.000	 -0.000	 -0.000	 -0.000	 -0.000	 -0.000	  1.000	

Product Matrix (Membrane Eigenfunctions) E*E^T
  1.000	  0.000	 -0.000	  0.000	 -0.000	  0.000	 -0.000	  0.000	 -0.000	  0.000	  0.000	  0.000	
  0.000	  1.000	 -0.000	  0.000	 -0.000	  0.000	 -0.000	  0.000	 -0.000	  0.000	  0.000	  0.000	
 -0.000	 -0.000	  1.000	 -0.000	 -0.000	  0.000	 -0.000	  0.000	 -0.000	  0.000	  0.000	  0.000	
  0.000	  0.000	 -0.000	  1.000	  0.000	 -0.000	  0.000	 -0.000	  0.000	  0.000	  0.000	  0.000	
 -0.000	 -0.000	 -0.000	  0.000	  1.000	  0.000	  0.000	 -0.000	  0.000	  0.000	  0.000	  0.000	
  0.000	  0.000	  0.000	 -0.000	  0.000	  1.000	 -0.000	  0.000	 -0.000	  0.000	  0.000	  0.000	
 -0.000	 -0.000	 -0.000	  0.000	  0.000	 -0.000	  1.000	 -0.000	  0.000	  0.000	  0.000	  0.000	
  0.000	  0.000	  0.000	 -0.000	 -0.000	  0.000	 -0.000	  1.000	  0.000	  0.000	  0.000	  0.000	
 -0.000	 -0.000	 -0.000	  0.000	  0.000	 -0.000	  0.000	  0.000	  1.000	  0.000	  0.000	  0.000	
  0.000	  0.000	  0.000	  0.000	  0.000	  0.000	  0.000	  0.000	  0.000	  1.000	  0.000	 -0.000	
  0.000	  0.000	  0.000	  0.000	  0.000	  0.000	  0.000	  0.000	  0.000	  0.000	  1.000	  0.000	
  0.000	  0.000	  0.000	  0.000	  0.000	  0.000	  0.000	  0.000	  0.000	 -0.000	  0.000	  1.000	

Peak Deformation:    15.00 um

Membrane shape:  BesselJ0
Membrane Shape Coeffs, MKS

0.000000104
0.000000000
0.000000000
0.000000000
0.000000000
0.000000000
0.000000000
0.000000000
0.000000000
0.000000000
0.000000000
0.000000000

Electrode Voltage Map
  0.000	  0.000	  0.000	  0.000	  0.000	  0.000	  0.000	  0.000	  0.000	  0.000	  0.000	  0.000	  0.000	  0.000	  0.000	  0.000	  0.000	  0.000	  0.000	  0.000	  0.000	  0.000	  0.000	  0.000	  0.000	  0.000	  0.000	  0.000	  0.000	  0.000	  0.000	  0.000	  0.000	  0.000	  0.000	  0.000	  0.000	  0.000	  0.000	  0.000	  0.000	  0.000	  0.000	  0.000	  0.000	  0.000	  0.000	  0.000	  0.000	  0.000	  0.000	  0.000	  0.000	  0.000	  0.000	
  0.000	 20.000	 20.000	 20.000	 20.000	 20.000	 20.000	 20.000	 20.000	 20.000	 20.000	 20.000	 20.000	 20.000	 20.000	 20.000	 20.000	 20.000	 20.000	 20.000	 20.000	 20.000	 20.000	 20.000	 20.009	 20.027	 20.039	 20.045	 20.045	 20.039	 20.027	 20.009	 20.000	 20.000	 20.000	 20.000	 20.000	 20.000	 20.000	 20.000	 20.000	 20.000	 20.000	 20.000	 20.000	 20.000	 20.000	 20.000	 20.000	 20.000	 20.000	 20.000	 20.000	 20.000	 20.000	
  0.000	 20.000	 20.000	 20.000	 20.000	 20.000	 20.000	 20.000	 20.000	 20.000	 20.000	 20.000	 20.000	 20.000	 20.000	 20.000	 20.000	 20.000	 20.000	 20.000	 20.033	 20.076	 20.112	 20.141	 20.165	 20.182	 20.193	 20.199	 20.199	 20.193	 20.182	 20.165	 20.141	 20.112	 20.076	 20.033	 20.000	 20.000	 20.000	 20.000	 20.000	 20.000	 20.000	 20.000	 20.000	 20.000	 20.000	 20.000	 20.000	 20.000	 20.000	 20.000	 20.000	 20.000	 20.000	
  0.000	 20.000	 20.000	 20.000	 20.000	 20.000	 20.000	 20.000	 20.000	 20.000	 20.000	 20.000	 20.000	 20.000	 20.000	 20.000	 20.000	 20.021	 20.082	 20.135	 20.182	 20.222	 20.255	 20.281	 20.302	 20.317	 20.328	 20.332	 20.332	 20.328	 20.317	 20.302	 20.281	 20.255	 20.222	 20.182	 20.135	 20.082	 20.021	 20.000	 20.000	 20.000	 20.000	 20.000	 20.000	 20.000	 20.000	 20.000	 20.000	 20.000	 20.000	 20.000	 20.000	 20.000	 20.000	
  0.000	 20.000	 20.000	 20.000	 20.000	 20.000	 20.000	 20.000	 20.000	 20.000	 20.000	 20.000	 20.000	 20.000	 20.000	 20.027	 20.100	 20.165	 20.222	 20.271	 20.312	 20.347	 20.375	 20.398	 20.415	 20.427	 20.435	 20.439	 20.439	 20.435	 20.427	 20.415	 20.398	 20.375	 20.347	 20.312	 20.271	 20.222	 20.165	 20.100	 20.027	 20.000	 20.000	 20.000	 20.000	 20.000	 20.000	 20.000	 20.000	 20.000	 20.000	 20.000	 20.000	 20.000	 20.000	
  0.000	 20.000	 20.000	 20.000	 20.000	 20.000	 20.000	 20.000	 20.000	 20.000	 20.000	 20.000	 20.000	 20.003	 20.088	 20.165	 20.233	 20.292	 20.342	 20.385	 20.419	 20.447	 20.469	 20.485	 20.497	 20.506	 20.511	 20.514	 20.514	 20.511	 20.506	 20.497	 20.485	 20.469	 20.447	 20.419	 20.385	 20.342	 20.292	 20.233	 20.165	 20.088	 20.003	 20.000	 20.000	 20.000	 20.000	 20.000	 20.000	 20.000	 20.000	 20.000	 20.000	 20.000	 20.000	
  0.000	 20.000	 20.000	 20.000	 20.000	 20.000	 20.000	 20.000	 20.000	 20.000	 20.000	 20.000	 20.045	 20.135	 20.216	 20.287	 20.347	 20.398	 20.439	 20.472	 20.497	 20.516	 20.530	 20.539	 20.545	 20.549	 20.551	 20.552	 20.552	 20.551	 20.549	 20.545	 20.539	 20.530	 20.516	 20.497	 20.472	 20.439	 20.398	 20.347	 20.287	 20.216	 20.135	 20.045	 20.000	 20.000	 20.000	 20.000	 20.000	 20.000	 20.000	 20.000	 20.000	 20.000	 20.000	
  0.000	 20.000	 20.000	 20.000	 20.000	 20.000	 20.000	 20.000	 20.000	 20.000	 20.000	 20.076	 20.170	 20.255	 20.328	 20.389	 20.439	 20.479	 20.509	 20.530	 20.544	 20.552	 20.555	 20.556	 20.555	 20.553	 20.551	 20.550	 20.550	 20.551	 20.553	 20.555	 20.556	 20.555	 20.552	 20.544	 20.530	 20.509	 20.479	 20.439	 20.389	 20.328	 20.255	 20.170	 20.076	 20.000	 20.000	 20.000	 20.000	 20.000	 20.000	 20.000	 20.000	 20.000	 20.000	
  0.000	 20.000	 20.000	 20.000	 20.000	 20.000	 20.000	 20.000	 20.000	 20.000	 20.094	 20.193	 20.281	 20.357	 20.419	 20.469	 20.506	 20.532	 20.548	 20.555	 20.556	 20.551	 20.544	 20.535	 20.526	 20.517	 20.511	 20.508	 20.508	 20.511	 20.517	 20.526	 20.535	 20.544	 20.551	 20.556	 20.555	 20.548	 20.532	 20.506	 20.469	 20.419	 20.357	 20.281	 20.193	 20.094	 20.000	 20.000	 20.000	 20.000	 20.000	 20.000	 20.000	 20.000	 20.000	
  0.000	 20.000	 20.000	 20.000	 20.000	 20.000	 20.000	 20.000	 20.000	 20.100	 20.205	 20.297	 20.375	 20.439	 20.488	 20.523	 20.545	 20.555	 20.555	 20.547	 20.533	 20.515	 20.494	 20.475	 20.456	 20.441	 20.431	 20.425	 20.425	 20.431	 20.441	 20.456	 20.475	 20.494	 20.515	 20.533	 20.547	 20.555	 20.555	 20.545	 20.523	 20.488	 20.439	 20.375	 20.297	 20.205	 20.100	 20.000	 20.000	 20.000	 20.000	 20.000	 20.000	 20.000	 20.000	
  0.000	 20.000	 20.000	 20.000	 20.000	 20.000	 20.000	 20.000	 20.094	 20.205	 20.302	 20.385	 20.451	 20.500	 20.534	 20.552	 20.556	 20.548	 20.530	 20.505	 20.475	 20.441	 20.408	 20.376	 20.348	 20.326	 20.310	 20.302	 20.302	 20.310	 20.326	 20.348	 20.376	 20.408	 20.441	 20.475	 20.505	 20.530	 20.548	 20.556	 20.552	 20.534	 20.500	 20.451	 20.385	 20.302	 20.205	 20.094	 20.000	 20.000	 20.000	 20.000	 20.000	 20.000	 20.000	
  0.000	 20.000	 20.000	 20.000	 20.000	 20.000	 20.000	 20.076	 20.193	 20.297	 20.385	 20.454	 20.506	 20.539	 20.555	 20.554	 20.539	 20.511	 20.475	 20.431	 20.383	 20.334	 20.286	 20.242	 20.204	 20.174	 20.153	 20.142	 20.142	 20.153	 20.174	 20.204	 20.242	 20.286	 20.334	 20.383	 20.431	 20.475	 20.511	 20.539	 20.554	 20.555	 20.539	 20.506	 20.454	 20.385	 20.297	 20.193	 20.076	 20.000	 20.000	 20.000	 20.000	 20.000	 20.000	
  0.000	 20.000	 20.000	 20.000	 20.000	 20.000	 20.045	 20.170	 20.281	 20.375	 20.451	 20.506	 20.541	 20.555	 20.551	 20.530	 20.494	 20.446	 20.389	 20.326	 20.260	 20.194	 20.131	 20.074	 20.026	 19.988	 19.961	 19.948	 19.948	 19.961	 19.988	 20.026	 20.074	 20.131	 20.194	 20.260	 20.326	 20.389	 20.446	 20.494	 20.530	 20.551	 20.555	 20.541	 20.506	 20.451	 20.375	 20.281	 20.170	 20.045	 20.000	 20.000	 20.000	 20.000	 20.000	
  0.000	 20.000	 20.000	 20.000	 20.000	 20.003	 20.135	 20.255	 20.357	 20.439	 20.500	 20.539	 20.555	 20.550	 20.526	 20.483	 20.425	 20.356	 20.277	 20.194	 20.109	 20.026	 19.948	 19.878	 19.818	 19.772	 19.740	 19.724	 19.724	 19.740	 19.772	 19.818	 19.878	 19.948	 20.026	 20.109	 20.194	 20.277	 20.356	 20.425	 20.483	 20.526	 20.550	 20.555	 20.539	 20.500	 20.439	 20.357	 20.255	 20.135	 20.003	 20.000	 20.000	 20.000	 20.000	
  0.000	 20.000	 20.000	 20.000	 20.000	 20.088	 20.216	 20.328	 20.419	 20.488	 20.534	 20.555	 20.551	 20.526	 20.479	 20.414	 20.334	 20.242	 20.142	 20.038	 19.934	 19.834	 19.740	 19.657	 19.587	 19.532	 19.494	 19.475	 19.475	 19.494	 19.532	 19.587	 19.657	 19.740	 19.834	 19.934	 20.038	 20.142	 20.242	 20.334	 20.414	 20.479	 20.526	 20.551	 20.555	 20.534	 20.488	 20.419	 20.328	 20.216	 20.088	 20.000	 20.000	 20.000	 20.000	
  0.000	 20.000	 20.000	 20.000	 20.027	 20.165	 20.287	 20.389	 20.469	 20.523	 20.552	 20.554	 20.530	 20.483	 20.414	 20.326	 20.223	 20.109	 19.988	 19.863	 19.740	 19.622	 19.513	 19.417	 19.336	 19.273	 19.230	 19.208	 19.208	 19.230	 19.273	 19.336	 19.417	 19.513	 19.622	 19.740	 19.863	 19.988	 20.109	 20.223	 20.326	 20.414	 20.483	 20.530	 20.554	 20.552	 20.523	 20.469	 20.389	 20.287	 20.165	 20.027	 20.000	 20.000	 20.000	
  0.000	 20.000	 20.000	 20.000	 20.100	 20.233	 20.347	 20.439	 20.506	 20.545	 20.556	 20.539	 20.494	 20.425	 20.334	 20.223	 20.098	 19.961	 19.818	 19.674	 19.532	 19.397	 19.273	 19.164	 19.072	 19.001	 18.953	 18.928	 18.928	 18.953	 19.001	 19.072	 19.164	 19.273	 19.397	 19.532	 19.674	 19.818	 19.961	 20.098	 20.223	 20.334	 20.425	 20.494	 20.539	 20.556	 20.545	 20.506	 20.439	 20.347	 20.233	 20.100	 20.000	 20.000	 20.000	
  0.000	 20.000	 20.000	 20.021	 20.165	 20.292	 20.398	 20.479	 20.532	 20.555	 20.548	 20.511	 20.446	 20.356	 20.242	 20.109	 19.961	 19.803	 19.640	 19.475	 19.315	 19.164	 19.025	 18.903	 18.802	 18.723	 18.669	 18.642	 18.642	 18.669	 18.723	 18.802	 18.903	 19.025	 19.164	 19.315	 19.475	 19.640	 19.803	 19.961	 20.109	 20.242	 20.356	 20.446	 20.511	 20.548	 20.555	 20.532	 20.479	 20.398	 20.292	 20.165	 20.021	 20.000	 20.000	
  0.000	 20.000	 20.000	 20.082	 20.222	 20.342	 20.439	 20.509	 20.548	 20.555	 20.530	 20.475	 20.389	 20.277	 20.142	 19.988	 19.818	 19.640	 19.456	 19.273	 19.096	 18.928	 18.776	 18.642	 18.531	 18.444	 18.386	 18.356	 18.356	 18.386	 18.444	 18.531	 18.642	 18.776	 18.928	 19.096	 19.273	 19.456	 19.640	 19.818	 19.988	 20.142	 20.277	 20.389	 20.475	 20.530	 20.555	 20.548	 20.509	 20.439	 20.342	 20.222	 20.082	 20.000	 20.000	
  0.000	 20.000	 20.000	 20.135	 20.271	 20.385	 20.472	 20.530	 20.555	 20.547	 20.505	 20.431	 20.326	 20.194	 20.038	 19.863	 19.674	 19.475	 19.273	 19.072	 18.878	 18.696	 18.531	 18.386	 18.265	 18.172	 18.109	 18.077	 18.077	 18.109	 18.172	 18.265	 18.386	 18.531	 18.696	 18.878	 19.072	 19.273	 19.475	 19.674	 19.863	 20.038	 20.194	 20.326	 20.431	 20.505	 20.547	 20.555	 20.530	 20.472	 20.385	 20.271	 20.135	 20.000	 20.000	
  0.000	 20.000	 20.033	 20.182	 20.312	 20.419	 20.497	 20.544	 20.556	 20.533	 20.475	 20.383	 20.260	 20.109	 19.934	 19.740	 19.532	 19.315	 19.096	 18.878	 18.669	 18.473	 18.296	 18.141	 18.012	 17.912	 17.844	 17.810	 17.810	 17.844	 17.912	 18.012	 18.141	 18.296	 18.473	 18.669	 18.878	 19.096	 19.315	 19.532	 19.740	 19.934	 20.109	 20.260	 20.383	 20.475	 20.533	 20.556	 20.544	 20.497	 20.419	 20.312	 20.182	 20.033	 20.000	
  0.000	 20.000	 20.076	 20.222	 20.347	 20.447	 20.516	 20.552	 20.551	 20.515	 20.441	 20.334	 20.194	 20.026	 19.834	 19.622	 19.397	 19.164	 18.928	 18.696	 18.473	 18.265	 18.077	 17.912	 17.776	 17.670	 17.599	 17.563	 17.563	 17.599	 17.670	 17.776	 17.912	 18.077	 18.265	 18.473	 18.696	 18.928	 19.164	 19.397	 19.622	 19.834	 20.026	 20.194	 20.334	 20.441	 20.515	 20.551	 20.552	 20.516	 20.447	 20.347	 20.222	 20.076	 20.000	
  0.000	 20.000	 20.112	 20.255	 20.375	 20.469	 20.530	 20.555	 20.544	 20.494	 20.408	 20.286	 20.131	 19.948	 19.740	 19.513	 19.273	 19.025	 18.776	 18.531	 18.296	 18.077	 17.878	 17.706	 17.563	 17.452	 17.377	 17.339	 17.339	 17.377	 17.452	 17.563	 17.706	 17.878	 18.077	 18.296	 18.531	 18.776	 19.025	 19.273	 19.513	 19.740	 19.948	 20.131	 20.286	 20.408	 20.494	 20.544	 20.555	 20.530	 20.469	 20.375	 20.255	 20.112	 20.000	
  0.000	 20.000	 20.141	 20.281	 20.398	 20.485	 20.539	 20.556	 20.535	 20.475	 20.376	 20.242	 20.074	 19.878	 19.657	 19.417	 19.164	 18.903	 18.642	 18.386	 18.141	 17.912	 17.706	 17.526	 17.377	 17.263	 17.185	 17.145	 17.145	 17.185	 17.263	 17.377	 17.526	 17.706	 17.912	 18.141	 18.386	 18.642	 18.903	 19.164	 19.417	 19.657	 19.878	 20.074	 20.242	 20.376	 20.475	 20.535	 20.556	 20.539	 20.485	 20.398	 20.281	 20.141	 20.000	
  0.000	 20.009	 20.165	 20.302	 20.415	 20.497	 20.545	 20.555	 20.526	 20.456	 20.348	 20.204	 20.026	 19.818	 19.587	 19.336	 19.072	 18.802	 18.531	 18.265	 18.012	 17.776	 17.563	 17.377	 17.224	 17.106	 17.025	 16.985	 16.985	 17.025	 17.106	 17.224	 17.377	 17.563	 17.776	 18.012	 18.265	 18.531	 18.802	 19.072	 19.336	 19.587	 19.818	 20.026	 20.204	 20.348	 20.456	 20.526	 20.555	 20.545	 20.497	 20.415	 20.302	 20.165	 20.009	
  0.000	 20.027	 20.182	 20.317	 20.427	 20.506	 20.549	 20.553	 20.517	 20.441	 20.326	 20.174	 19.988	 19.772	 19.532	 19.273	 19.001	 18.723	 18.444	 18.172	 17.912	 17.670	 17.452	 17.263	 17.106	 16.985	 16.903	 16.861	 16.861	 16.903	 16.985	 17.106	 17.263	 17.452	 17.670	 17.912	 18.172	 18.444	 18.723	 19.001	 19.273	 19.532	 19.772	 19.988	 20.174	 20.326	 20.441	 20.517	 20.553	 20.549	 20.506	 20.427	 20.317	 20.182	 20.027	
  0.000	 20.039	 20.193	 20.328	 20.435	 20.511	 20.551	 20.551	 20.511	 20.431	 20.310	 20.153	 19.961	 19.740	 19.494	 19.230	 18.953	 18.669	 18.386	 18.109	 17.844	 17.599	 17.377	 17.185	 17.025	 16.903	 16.819	 16.777	 16.777	 16.819	 16.903	 17.025	 17.185	 17.377	 17.599	 17.844	 18.109	 18.386	 18.669	 18.953	 19.230	 19.494	 19.740	 19.961	 20.153	 20.310	 20.431	 20.511	 20.551	 20.551	 20.511	 20.435	 20.328	 20.193	 20.039	
  0.000	 20.045	 20.199	 20.332	 20.439	 20.514	 20.552	 20.550	 20.508	 20.425	 20.302	 20.142	 19.948	 19.724	 19.475	 19.208	 18.928	 18.642	 18.356	 18.077	 17.810	 17.563	 17.339	 17.145	 16.985	 16.861	 16.777	 16.735	 16.735	 16.777	 16.861	 16.985	 17.145	 17.339	 17.563	 17.810	 18.077	 18.356	 18.642	 18.928	 19.208	 19.475	 19.724	 19.948	 20.142	 20.302	 20.425	 20.508	 20.550	 20.552	 20.514	 20.439	 20.332	 20.199	 20.045	
  0.000	 20.045	 20.199	 20.332	 20.439	 20.514	 20.552	 20.550	 20.508	 20.425	 20.302	 20.142	 19.948	 19.724	 19.475	 19.208	 18.928	 18.642	 18.356	 18.077	 17.810	 17.563	 17.339	 17.145	 16.985	 16.861	 16.777	 16.735	 16.735	 16.777	 16.861	 16.985	 17.145	 17.339	 17.563	 17.810	 18.077	 18.356	 18.642	 18.928	 19.208	 19.475	 19.724	 19.948	 20.142	 20.302	 20.425	 20.508	 20.550	 20.552	 20.514	 20.439	 20.332	 20.199	 20.045	
  0.000	 20.039	 20.193	 20.328	 20.435	 20.511	 20.551	 20.551	 20.511	 20.431	 20.310	 20.153	 19.961	 19.740	 19.494	 19.230	 18.953	 18.669	 18.386	 18.109	 17.844	 17.599	 17.377	 17.185	 17.025	 16.903	 16.819	 16.777	 16.777	 16.819	 16.903	 17.025	 17.185	 17.377	 17.599	 17.844	 18.109	 18.386	 18.669	 18.953	 19.230	 19.494	 19.740	 19.961	 20.153	 20.310	 20.431	 20.511	 20.551	 20.551	 20.511	 20.435	 20.328	 20.193	 20.039	
  0.000	 20.027	 20.182	 20.317	 20.427	 20.506	 20.549	 20.553	 20.517	 20.441	 20.326	 20.174	 19.988	 19.772	 19.532	 19.273	 19.001	 18.723	 18.444	 18.172	 17.912	 17.670	 17.452	 17.263	 17.106	 16.985	 16.903	 16.861	 16.861	 16.903	 16.985	 17.106	 17.263	 17.452	 17.670	 17.912	 18.172	 18.444	 18.723	 19.001	 19.273	 19.532	 19.772	 19.988	 20.174	 20.326	 20.441	 20.517	 20.553	 20.549	 20.506	 20.427	 20.317	 20.182	 20.027	
  0.000	 20.009	 20.165	 20.302	 20.415	 20.497	 20.545	 20.555	 20.526	 20.456	 20.348	 20.204	 20.026	 19.818	 19.587	 19.336	 19.072	 18.802	 18.531	 18.265	 18.012	 17.776	 17.563	 17.377	 17.224	 17.106	 17.025	 16.985	 16.985	 17.025	 17.106	 17.224	 17.377	 17.563	 17.776	 18.012	 18.265	 18.531	 18.802	 19.072	 19.336	 19.587	 19.818	 20.026	 20.204	 20.348	 20.456	 20.526	 20.555	 20.545	 20.497	 20.415	 20.302	 20.165	 20.009	
  0.000	 20.000	 20.141	 20.281	 20.398	 20.485	 20.539	 20.556	 20.535	 20.475	 20.376	 20.242	 20.074	 19.878	 19.657	 19.417	 19.164	 18.903	 18.642	 18.386	 18.141	 17.912	 17.706	 17.526	 17.377	 17.263	 17.185	 17.145	 17.145	 17.185	 17.263	 17.377	 17.526	 17.706	 17.912	 18.141	 18.386	 18.642	 18.903	 19.164	 19.417	 19.657	 19.878	 20.074	 20.242	 20.376	 20.475	 20.535	 20.556	 20.539	 20.485	 20.398	 20.281	 20.141	 20.000	
  0.000	 20.000	 20.112	 20.255	 20.375	 20.469	 20.530	 20.555	 20.544	 20.494	 20.408	 20.286	 20.131	 19.948	 19.740	 19.513	 19.273	 19.025	 18.776	 18.531	 18.296	 18.077	 17.878	 17.706	 17.563	 17.452	 17.377	 17.339	 17.339	 17.377	 17.452	 17.563	 17.706	 17.878	 18.077	 18.296	 18.531	 18.776	 19.025	 19.273	 19.513	 19.740	 19.948	 20.131	 20.286	 20.408	 20.494	 20.544	 20.555	 20.530	 20.469	 20.375	 20.255	 20.112	 20.000	
  0.000	 20.000	 20.076	 20.222	 20.347	 20.447	 20.516	 20.552	 20.551	 20.515	 20.441	 20.334	 20.194	 20.026	 19.834	 19.622	 19.397	 19.164	 18.928	 18.696	 18.473	 18.265	 18.077	 17.912	 17.776	 17.670	 17.599	 17.563	 17.563	 17.599	 17.670	 17.776	 17.912	 18.077	 18.265	 18.473	 18.696	 18.928	 19.164	 19.397	 19.622	 19.834	 20.026	 20.194	 20.334	 20.441	 20.515	 20.551	 20.552	 20.516	 20.447	 20.347	 20.222	 20.076	 20.000	
  0.000	 20.000	 20.033	 20.182	 20.312	 20.419	 20.497	 20.544	 20.556	 20.533	 20.475	 20.383	 20.260	 20.109	 19.934	 19.740	 19.532	 19.315	 19.096	 18.878	 18.669	 18.473	 18.296	 18.141	 18.012	 17.912	 17.844	 17.810	 17.810	 17.844	 17.912	 18.012	 18.141	 18.296	 18.473	 18.669	 18.878	 19.096	 19.315	 19.532	 19.740	 19.934	 20.109	 20.260	 20.383	 20.475	 20.533	 20.556	 20.544	 20.497	 20.419	 20.312	 20.182	 20.033	 20.000	
  0.000	 20.000	 20.000	 20.135	 20.271	 20.385	 20.472	 20.530	 20.555	 20.547	 20.505	 20.431	 20.326	 20.194	 20.038	 19.863	 19.674	 19.475	 19.273	 19.072	 18.878	 18.696	 18.531	 18.386	 18.265	 18.172	 18.109	 18.077	 18.077	 18.109	 18.172	 18.265	 18.386	 18.531	 18.696	 18.878	 19.072	 19.273	 19.475	 19.674	 19.863	 20.038	 20.194	 20.326	 20.431	 20.505	 20.547	 20.555	 20.530	 20.472	 20.385	 20.271	 20.135	 20.000	 20.000	
  0.000	 20.000	 20.000	 20.082	 20.222	 20.342	 20.439	 20.509	 20.548	 20.555	 20.530	 20.475	 20.389	 20.277	 20.142	 19.988	 19.818	 19.640	 19.456	 19.273	 19.096	 18.928	 18.776	 18.642	 18.531	 18.444	 18.386	 18.356	 18.356	 18.386	 18.444	 18.531	 18.642	 18.776	 18.928	 19.096	 19.273	 19.456	 19.640	 19.818	 19.988	 20.142	 20.277	 20.389	 20.475	 20.530	 20.555	 20.548	 20.509	 20.439	 20.342	 20.222	 20.082	 20.000	 20.000	
  0.000	 20.000	 20.000	 20.021	 20.165	 20.292	 20.398	 20.479	 20.532	 20.555	 20.548	 20.511	 20.446	 20.356	 20.242	 20.109	 19.961	 19.803	 19.640	 19.475	 19.315	 19.164	 19.025	 18.903	 18.802	 18.723	 18.669	 18.642	 18.642	 18.669	 18.723	 18.802	 18.903	 19.025	 19.164	 19.315	 19.475	 19.640	 19.803	 19.961	 20.109	 20.242	 20.356	 20.446	 20.511	 20.548	 20.555	 20.532	 20.479	 20.398	 20.292	 20.165	 20.021	 20.000	 20.000	
  0.000	 20.000	 20.000	 20.000	 20.100	 20.233	 20.347	 20.439	 20.506	 20.545	 20.556	 20.539	 20.494	 20.425	 20.334	 20.223	 20.098	 19.961	 19.818	 19.674	 19.532	 19.397	 19.273	 19.164	 19.072	 19.001	 18.953	 18.928	 18.928	 18.953	 19.001	 19.072	 19.164	 19.273	 19.397	 19.532	 19.674	 19.818	 19.961	 20.098	 20.223	 20.334	 20.425	 20.494	 20.539	 20.556	 20.545	 20.506	 20.439	 20.347	 20.233	 20.100	 20.000	 20.000	 20.000	
  0.000	 20.000	 20.000	 20.000	 20.027	 20.165	 20.287	 20.389	 20.469	 20.523	 20.552	 20.554	 20.530	 20.483	 20.414	 20.326	 20.223	 20.109	 19.988	 19.863	 19.740	 19.622	 19.513	 19.417	 19.336	 19.273	 19.230	 19.208	 19.208	 19.230	 19.273	 19.336	 19.417	 19.513	 19.622	 19.740	 19.863	 19.988	 20.109	 20.223	 20.326	 20.414	 20.483	 20.530	 20.554	 20.552	 20.523	 20.469	 20.389	 20.287	 20.165	 20.027	 20.000	 20.000	 20.000	
  0.000	 20.000	 20.000	 20.000	 20.000	 20.088	 20.216	 20.328	 20.419	 20.488	 20.534	 20.555	 20.551	 20.526	 20.479	 20.414	 20.334	 20.242	 20.142	 20.038	 19.934	 19.834	 19.740	 19.657	 19.587	 19.532	 19.494	 19.475	 19.475	 19.494	 19.532	 19.587	 19.657	 19.740	 19.834	 19.934	 20.038	 20.142	 20.242	 20.334	 20.414	 20.479	 20.526	 20.551	 20.555	 20.534	 20.488	 20.419	 20.328	 20.216	 20.088	 20.000	 20.000	 20.000	 20.000	
  0.000	 20.000	 20.000	 20.000	 20.000	 20.003	 20.135	 20.255	 20.357	 20.439	 20.500	 20.539	 20.555	 20.550	 20.526	 20.483	 20.425	 20.356	 20.277	 20.194	 20.109	 20.026	 19.948	 19.878	 19.818	 19.772	 19.740	 19.724	 19.724	 19.740	 19.772	 19.818	 19.878	 19.948	 20.026	 20.109	 20.194	 20.277	 20.356	 20.425	 20.483	 20.526	 20.550	 20.555	 20.539	 20.500	 20.439	 20.357	 20.255	 20.135	 20.003	 20.000	 20.000	 20.000	 20.000	
  0.000	 20.000	 20.000	 20.000	 20.000	 20.000	 20.045	 20.170	 20.281	 20.375	 20.451	 20.506	 20.541	 20.555	 20.551	 20.530	 20.494	 20.446	 20.389	 20.326	 20.260	 20.194	 20.131	 20.074	 20.026	 19.988	 19.961	 19.948	 19.948	 19.961	 19.988	 20.026	 20.074	 20.131	 20.194	 20.260	 20.326	 20.389	 20.446	 20.494	 20.530	 20.551	 20.555	 20.541	 20.506	 20.451	 20.375	 20.281	 20.170	 20.045	 20.000	 20.000	 20.000	 20.000	 20.000	
  0.000	 20.000	 20.000	 20.000	 20.000	 20.000	 20.000	 20.076	 20.193	 20.297	 20.385	 20.454	 20.506	 20.539	 20.555	 20.554	 20.539	 20.511	 20.475	 20.431	 20.383	 20.334	 20.286	 20.242	 20.204	 20.174	 20.153	 20.142	 20.142	 20.153	 20.174	 20.204	 20.242	 20.286	 20.334	 20.383	 20.431	 20.475	 20.511	 20.539	 20.554	 20.555	 20.539	 20.506	 20.454	 20.385	 20.297	 20.193	 20.076	 20.000	 20.000	 20.000	 20.000	 20.000	 20.000	
  0.000	 20.000	 20.000	 20.000	 20.000	 20.000	 20.000	 20.000	 20.094	 20.205	 20.302	 20.385	 20.451	 20.500	 20.534	 20.552	 20.556	 20.548	 20.530	 20.505	 20.475	 20.441	 20.408	 20.376	 20.348	 20.326	 20.310	 20.302	 20.302	 20.310	 20.326	 20.348	 20.376	 20.408	 20.441	 20.475	 20.505	 20.530	 20.548	 20.556	 20.552	 20.534	 20.500	 20.451	 20.385	 20.302	 20.205	 20.094	 20.000	 20.000	 20.000	 20.000	 20.000	 20.000	 20.000	
  0.000	 20.000	 20.000	 20.000	 20.000	 20.000	 20.000	 20.000	 20.000	 20.100	 20.205	 20.297	 20.375	 20.439	 20.488	 20.523	 20.545	 20.555	 20.555	 20.547	 20.533	 20.515	 20.494	 20.475	 20.456	 20.441	 20.431	 20.425	 20.425	 20.431	 20.441	 20.456	 20.475	 20.494	 20.515	 20.533	 20.547	 20.555	 20.555	 20.545	 20.523	 20.488	 20.439	 20.375	 20.297	 20.205	 20.100	 20.000	 20.000	 20.000	 20.000	 20.000	 20.000	 20.000	 20.000	
  0.000	 20.000	 20.000	 20.000	 20.000	 20.000	 20.000	 20.000	 20.000	 20.000	 20.094	 20.193	 20.281	 20.357	 20.419	 20.469	 20.506	 20.532	 20.548	 20.555	 20.556	 20.551	 20.544	 20.535	 20.526	 20.517	 20.511	 20.508	 20.508	 20.511	 20.517	 20.526	 20.535	 20.544	 20.551	 20.556	 20.555	 20.548	 20.532	 20.506	 20.469	 20.419	 20.357	 20.281	 20.193	 20.094	 20.000	 20.000	 20.000	 20.000	 20.000	 20.000	 20.000	 20.000	 20.000	
  0.000	 20.000	 20.000	 20.000	 20.000	 20.000	 20.000	 20.000	 20.000	 20.000	 20.000	 20.076	 20.170	 20.255	 20.328	 20.389	 20.439	 20.479	 20.509	 20.530	 20.544	 20.552	 20.555	 20.556	 20.555	 20.553	 20.551	 20.550	 20.550	 20.551	 20.553	 20.555	 20.556	 20.555	 20.552	 20.544	 20.530	 20.509	 20.479	 20.439	 20.389	 20.328	 20.255	 20.170	 20.076	 20.000	 20.000	 20.000	 20.000	 20.000	 20.000	 20.000	 20.000	 20.000	 20.000	
  0.000	 20.000	 20.000	 20.000	 20.000	 20.000	 20.000	 20.000	 20.000	 20.000	 20.000	 20.000	 20.045	 20.135	 20.216	 20.287	 20.347	 20.398	 20.439	 20.472	 20.497	 20.516	 20.530	 20.539	 20.545	 20.549	 20.551	 20.552	 20.552	 20.551	 20.549	 20.545	 20.539	 20.530	 20.516	 20.497	 20.472	 20.439	 20.398	 20.347	 20.287	 20.216	 20.135	 20.045	 20.000	 20.000	 20.000	 20.000	 20.000	 20.000	 20.000	 20.000	 20.000	 20.000	 20.000	
  0.000	 20.000	 20.000	 20.000	 20.000	 20.000	 20.000	 20.000	 20.000	 20.000	 20.000	 20.000	 20.000	 20.003	 20.088	 20.165	 20.233	 20.292	 20.342	 20.385	 20.419	 20.447	 20.469	 20.485	 20.497	 20.506	 20.511	 20.514	 20.514	 20.511	 20.506	 20.497	 20.485	 20.469	 20.447	 20.419	 20.385	 20.342	 20.292	 20.233	 20.165	 20.088	 20.003	 20.000	 20.000	 20.000	 20.000	 20.000	 20.000	 20.000	 20.000	 20.000	 20.000	 20.000	 20.000	
  0.000	 20.000	 20.000	 20.000	 20.000	 20.000	 20.000	 20.000	 20.000	 20.000	 20.000	 20.000	 20.000	 20.000	 20.000	 20.027	 20.100	 20.165	 20.222	 20.271	 20.312	 20.347	 20.375	 20.398	 20.415	 20.427	 20.435	 20.439	 20.439	 20.435	 20.427	 20.415	 20.398	 20.375	 20.347	 20.312	 20.271	 20.222	 20.165	 20.100	 20.027	 20.000	 20.000	 20.000	 20.000	 20.000	 20.000	 20.000	 20.000	 20.000	 20.000	 20.000	 20.000	 20.000	 20.000	
  0.000	 20.000	 20.000	 20.000	 20.000	 20.000	 20.000	 20.000	 20.000	 20.000	 20.000	 20.000	 20.000	 20.000	 20.000	 20.000	 20.000	 20.021	 20.082	 20.135	 20.182	 20.222	 20.255	 20.281	 20.302	 20.317	 20.328	 20.332	 20.332	 20.328	 20.317	 20.302	 20.281	 20.255	 20.222	 20.182	 20.135	 20.082	 20.021	 20.000	 20.000	 20.000	 20.000	 20.000	 20.000	 20.000	 20.000	 20.000	 20.000	 20.000	 20.000	 20.000	 20.000	 20.000	 20.000	
  0.000	 20.000	 20.000	 20.000	 20.000	 20.000	 20.000	 20.000	 20.000	 20.000	 20.000	 20.000	 20.000	 20.000	 20.000	 20.000	 20.000	 20.000	 20.000	 20.000	 20.033	 20.076	 20.112	 20.141	 20.165	 20.182	 20.193	 20.199	 20.199	 20.193	 20.182	 20.165	 20.141	 20.112	 20.076	 20.033	 20.000	 20.000	 20.000	 20.000	 20.000	 20.000	 20.000	 20.000	 20.000	 20.000	 20.000	 20.000	 20.000	 20.000	 20.000	 20.000	 20.000	 20.000	 20.000	
  0.000	 20.000	 20.000	 20.000	 20.000	 20.000	 20.000	 20.000	 20.000	 20.000	 20.000	 20.000	 20.000	 20.000	 20.000	 20.000	 20.000	 20.000	 20.000	 20.000	 20.000	 20.000	 20.000	 20.000	 20.009	 20.027	 20.039	 20.045	 20.045	 20.039	 20.027	 20.009	 20.000	 20.000	 20.000	 20.000	 20.000	 20.000	 20.000	 20.000	 20.000	 20.000	 20.000	 20.000	 20.000	  0.000	  0.000	  0.000	  0.000	  0.000	  0.000	  0.000	  0.000	  0.000	  0.000	

TestMembraneExpansion: r_mm,xi_um,del2(xi)_MKS
  0.000	 15.001	 -1.543	
  0.288	 14.969	 -1.539	
  0.577	 14.873	 -1.529	
  0.865	 14.714	 -1.513	
  1.154	 14.492	 -1.490	
  1.442	 14.210	 -1.461	
  1.731	 13.868	 -1.426	
  2.019	 13.470	 -1.385	
  2.308	 13.017	 -1.338	
  2.596	 12.513	 -1.287	
  2.885	 11.960	 -1.230	
  3.173	 11.363	 -1.168	
  3.462	 10.724	 -1.103	
  3.750	 10.049	 -1.033	
  4.038	  9.341	 -0.961	
  4.327	  8.605	 -0.885	
  4.615	  7.845	 -0.807	
  4.904	  7.066	 -0.727	
  5.192	  6.273	 -0.645	
  5.481	  5.471	 -0.563	
  5.769	  4.664	 -0.480	
  6.058	  3.858	 -0.397	
  6.346	  3.056	 -0.314	
  6.635	  2.265	 -0.233	
  6.923	  1.489	 -0.153	
  7.212	  0.732	 -0.075	
  7.500	  0.000	  0.000	

MatrixASum (discr.)
548009.510	121084.925	25359.120	-6629.505	2789.320	-358.215	490.912	-1011.103	755.725	-636.455	721.917	-433.561	
121084.925	531065.138	101387.058	29508.816	-7755.610	3279.113	-1503.457	1583.745	-1366.355	1066.437	-1303.237	930.902	
25359.120	101387.058	531493.353	98886.475	29862.526	-8912.096	4363.817	-1859.768	1511.818	-896.998	1289.191	-1215.052	
-6629.505	29508.816	98886.475	530799.847	97307.780	30897.791	-9275.971	4286.228	-2043.914	397.084	-817.434	1116.715	
2789.320	-7755.610	29862.526	97307.780	531377.031	96681.704	30799.946	-9465.057	4876.939	 21.406	229.779	-630.978	
-358.215	3279.113	-8912.096	30897.791	96681.704	531040.991	96299.544	31376.076	-10036.784	-191.037	207.381	  0.223	
490.912	-1503.457	4363.817	-9275.971	30799.946	96299.544	531491.808	95684.948	31575.757	227.225	-423.622	442.187	
-1011.103	1583.745	-1859.768	4286.228	-9465.057	31376.076	95684.948	531611.721	95662.283	-269.198	467.189	-531.692	
755.725	-1366.355	1511.818	-2043.914	4876.939	-10036.784	31575.757	95662.283	531635.016	286.476	-381.485	364.672	
-636.455	1066.437	-896.998	397.084	 21.406	-191.037	227.225	-269.198	286.476	468043.029	89955.763	26419.577	
721.917	-1303.237	1289.191	-817.434	229.779	207.381	-423.622	467.189	-381.485	89955.763	516226.541	93077.383	
-433.561	930.902	-1215.052	1116.715	-630.978	  0.223	442.187	-531.692	364.672	26419.577	93077.383	523679.280	

Omega Matrix
-239528.156	-121084.922	-25359.119	6629.505	-2789.321	358.215	-490.912	1011.103	-755.725	636.455	-721.917	433.561	
-121084.922	1094022.875	-101387.055	-29508.816	7755.610	-3279.113	1503.457	-1583.745	1366.355	-1066.437	1303.237	-930.902	
-25359.119	-101387.055	3462732.000	-98886.477	-29862.525	8912.096	-4363.817	1859.768	-1511.818	896.998	-1289.191	1215.052	
6629.505	-29508.816	-98886.477	6885267.500	-97307.781	-30897.791	9275.971	-4286.228	2043.914	-397.084	817.434	-1116.715	
-2789.321	7755.610	-29862.525	-97307.781	11358477.000	-96681.703	-30799.945	9465.058	-4876.938	-21.406	-229.779	630.978	
358.215	-3279.113	8912.096	-30897.791	-96681.703	16885548.000	-96299.547	-31376.076	10036.784	191.037	-207.381	 -0.223	
-490.912	1503.457	-4363.817	9275.971	-30799.945	-96299.547	23465786.000	-95684.945	-31575.758	-227.225	423.622	-442.187	
1011.103	-1583.745	1859.768	-4286.228	9465.058	-31376.076	-95684.945	31098718.000	-95662.281	269.198	-467.189	531.692	
-755.725	1366.355	-1511.818	2043.914	-4876.938	10036.784	-31575.758	-95662.281	39784096.000	-286.476	381.485	-364.672	
636.455	-1066.437	896.998	-397.084	-21.406	191.037	-227.225	269.198	-286.476	315115.656	-89955.766	-26419.576	
-721.917	1303.237	-1289.191	817.434	-229.779	-207.381	423.622	-467.189	381.485	-89955.766	2109067.250	-93077.383	
433.561	-930.902	1215.052	-1116.715	630.978	 -0.223	-442.187	531.692	-364.672	-26419.576	-93077.383	4995784.000	

Omega Matrix -- Eigenvalues

1100598.875000
-250754.546875
310406.937500
2110654.000000
3464249.250000
4998901.500000
6886059.500000
11358940.000000
16885858.000000
23466016.000000
31098942.000000
39785216.000000

Omega Matrix -- Eigenvectors
  0.091	  0.996	 -0.001	  0.000	 -0.005	  0.000	  0.001	  0.000	  0.000	  0.000	 -0.000	  0.000	
 -0.995	  0.090	 -0.001	 -0.001	 -0.043	 -0.000	 -0.005	 -0.001	 -0.000	 -0.000	  0.000	 -0.000	
 -0.042	  0.009	  0.000	 -0.001	  0.999	  0.001	 -0.029	  0.003	  0.001	  0.000	 -0.000	  0.000	
 -0.006	 -0.000	 -0.000	  0.000	  0.029	  0.001	  0.999	  0.022	 -0.003	 -0.001	  0.000	 -0.000	
  0.001	  0.000	 -0.000	 -0.000	  0.004	 -0.000	  0.022	 -1.000	 -0.018	  0.002	 -0.001	  0.000	
 -0.000	 -0.000	  0.000	 -0.000	 -0.001	 -0.000	  0.003	 -0.017	  1.000	  0.015	  0.002	 -0.000	
  0.000	  0.000	 -0.000	  0.000	  0.000	  0.000	 -0.001	 -0.003	  0.015	 -1.000	  0.013	  0.002	
 -0.000	 -0.000	  0.000	 -0.000	 -0.000	 -0.000	  0.000	  0.000	  0.002	 -0.013	 -1.000	  0.011	
  0.000	  0.000	 -0.000	  0.000	  0.000	  0.000	 -0.000	 -0.000	 -0.000	 -0.002	 -0.011	 -1.000	
  0.001	 -0.001	 -0.999	  0.050	  0.000	 -0.005	 -0.000	  0.000	  0.000	  0.000	 -0.000	  0.000	
  0.001	  0.000	 -0.050	 -0.998	 -0.001	 -0.032	  0.000	  0.000	 -0.000	 -0.000	  0.000	 -0.000	
 -0.000	 -0.000	 -0.007	 -0.032	 -0.001	  0.999	 -0.001	 -0.000	 -0.000	  0.000	 -0.000	  0.000	

Product Matrix (Omega Eigenvectors):  E*E^T
  1.000	 -0.000	  0.000	  0.000	  0.000	  0.000	  0.000	  0.000	  0.000	 -0.000	 -0.000	 -0.000	
 -0.000	  1.000	 -0.000	  0.000	  0.000	  0.000	  0.000	  0.000	  0.000	 -0.000	 -0.000	 -0.000	
  0.000	 -0.000	  1.000	  0.000	 -0.000	 -0.000	 -0.000	 -0.000	  0.000	 -0.000	  0.000	  0.000	
  0.000	  0.000	  0.000	  1.000	 -0.000	 -0.000	 -0.000	  0.000	  0.000	  0.000	 -0.000	 -0.000	
  0.000	  0.000	 -0.000	 -0.000	  1.000	 -0.000	  0.000	 -0.000	 -0.000	 -0.000	  0.000	 -0.000	
  0.000	  0.000	 -0.000	 -0.000	 -0.000	  1.000	  0.000	  0.000	  0.000	 -0.000	  0.000	  0.000	
  0.000	  0.000	 -0.000	 -0.000	  0.000	  0.000	  1.000	  0.000	  0.000	 -0.000	 -0.000	 -0.000	
  0.000	  0.000	 -0.000	  0.000	 -0.000	  0.000	  0.000	  1.000	 -0.000	  0.000	 -0.000	 -0.000	
  0.000	  0.000	  0.000	  0.000	 -0.000	  0.000	  0.000	 -0.000	  1.000	  0.000	 -0.000	 -0.000	
 -0.000	 -0.000	 -0.000	  0.000	 -0.000	 -0.000	 -0.000	  0.000	  0.000	  1.000	  0.000	  0.000	
 -0.000	 -0.000	  0.000	 -0.000	  0.000	  0.000	 -0.000	 -0.000	 -0.000	  0.000	  1.000	  0.000	
 -0.000	 -0.000	  0.000	 -0.000	 -0.000	  0.000	 -0.000	 -0.000	 -0.000	  0.000	  0.000	  1.000	

Product Matrix (Membrane Eigenfunctions) E*E^T
  1.000	  0.000	 -0.000	  0.000	 -0.000	  0.000	 -0.000	  0.000	 -0.000	  0.000	  0.000	  0.000	
  0.000	  1.000	 -0.000	  0.000	 -0.000	  0.000	 -0.000	  0.000	 -0.000	  0.000	  0.000	  0.000	
 -0.000	 -0.000	  1.000	 -0.000	 -0.000	  0.000	 -0.000	  0.000	 -0.000	  0.000	  0.000	  0.000	
  0.000	  0.000	 -0.000	  1.000	  0.000	 -0.000	  0.000	 -0.000	  0.000	  0.000	  0.000	  0.000	
 -0.000	 -0.000	 -0.000	  0.000	  1.000	  0.000	  0.000	 -0.000	  0.000	  0.000	  0.000	  0.000	
  0.000	  0.000	  0.000	 -0.000	  0.000	  1.000	 -0.000	  0.000	 -0.000	  0.000	  0.000	  0.000	
 -0.000	 -0.000	 -0.000	  0.000	  0.000	 -0.000	  1.000	 -0.000	  0.000	  0.000	  0.000	  0.000	
  0.000	  0.000	  0.000	 -0.000	 -0.000	  0.000	 -0.000	  1.000	  0.000	  0.000	  0.000	  0.000	
 -0.000	 -0.000	 -0.000	  0.000	  0.000	 -0.000	  0.000	  0.000	  1.000	  0.000	  0.000	  0.000	
  0.000	  0.000	  0.000	  0.000	  0.000	  0.000	  0.000	  0.000	  0.000	  1.000	  0.000	 -0.000	
  0.000	  0.000	  0.000	  0.000	  0.000	  0.000	  0.000	  0.000	  0.000	  0.000	  1.000	  0.000	
  0.000	  0.000	  0.000	  0.000	  0.000	  0.000	  0.000	  0.000	  0.000	 -0.000	  0.000	  1.000	

Omega Eigenvalues:  Summary
  5.000	1306071.625	2144.991	477504.656	2303690.500	3670536.000	5196331.000	7091882.500	11564550.000	17091372.000	23671484.000	31304334.000	39989652.000	
 10.000	1231799.375	-86183.562	416735.625	2233816.000	3596600.500	5124665.500	7018266.000	11491071.000	17017952.000	23598102.000	31230990.000	39916368.000	
 15.000	1100598.875	-250754.547	310406.938	2110654.000	3464249.250	4998901.500	6886059.500	11358940.000	16885858.000	23466016.000	31098942.000	39785216.000	
  0.000	  0.000	  0.000	  0.000	  0.000	  0.000	  0.000	  0.000	  0.000	  0.000	  0.000	  0.000	  0.000	

