File Name: MembranePDE_ROISolution.txt
Array Dimension: 50
Stress, MPa 7
Thickness, um 1
Gap Distance, um 25
Width, mm 20
Bias, V 0
ROIDimension, mm 20
Mesh Size, mm 0.4
Membrane Tension, MKS 7
Peak Deflection, um 0
Membrane Deflection data, um (below) 
-2	-1	0	1	2	3	4	5	6	7	8	9	10	11	12	13	14	15	16	17	18	19	20	21	22	23	24	25	26	27	28	29	30	31	32	33	34	35	36	37	38	39	40	41	42	43	44	45	46	47	48	49	50	
-0.4	0	0.4	0.8	1.2	1.6	2	2.4	2.8	3.2	3.6	4	4.4	4.8	5.2	5.6	6	6.4	6.8	7.2	7.6	8	8.4	8.8	9.2	9.6	10	10.4	10.8	11.2	11.6	12	12.4	12.8	13.2	13.6	14	14.4	14.8	15.2	15.6	16	16.4	16.8	17.2	17.6	18	18.4	18.8	19.2	19.6	20	
0	0	0	0	0	0	0	0	0	0	0	0	0	0	0	0	0	0	0	0	0	0	0	0	0	0	0	0	0	0	0	0	0	0	0	0	0	0	0	0	0	0	0	0	0	0	0	0	0	0	0	0	0	
1	0.4	0	0	0	0	0	0	0	0	0	0	0	0	0	0	0	0	0	0	0	0.0601064	0.106044	0.138802	0.15958	0.169723	0.170652	0.163797	0.150539	0.132159	0.109822	0.0845608	0.0572952	0.0288519	0	0	0	0	0	0	0	0	0	0	0	0	0	0	0	0	0	0	0	
2	0.8	0	0	0	0	0	0	0	0	0	0	0	0	0	0	0	0	0.0743746	0.153507	0.217166	0.265858	0.300404	0.321907	0.331687	0.331211	0.322008	0.30559	0.283386	0.256697	0.226667	0.194288	0.160415	0.125807	0.0911628	0.0571695	0.0245416	0	0	0	0	0	0	0	0	0	0	0	0	0	0	0	0	
3	1.2	0	0	0	0	0	0	0	0	0	0	0	0	0	0	0.0998529	0.199791	0.284102	0.352654	0.405658	0.443686	0.467657	0.478787	0.478526	0.46846	0.450217	0.425377	0.395397	0.361563	0.324974	0.286549	0.247059	0.207174	0.167515	0.128707	0.0914244	0.0564198	0.0245481	0	0	0	0	0	0	0	0	0	0	0	0	0	0	
4	1.6	0	0	0	0	0	0	0	0	0	0	0	0	0.0736978	0.193458	0.298719	0.388769	0.463152	0.521739	0.564779	0.592914	0.607169	0.608887	0.599647	0.581152	0.555116	0.52316	0.486733	0.44707	0.405182	0.361882	0.317826	0.273583	0.229689	0.186713	0.145297	0.106194	0.0702809	0.0385561	0.0121306	0	0	0	0	0	0	0	0	0	0	0	0	
5	2	0	0	0	0	0	0	0	0	0	0	0	0.136006	0.259564	0.369659	0.46536	0.545915	0.610847	0.660034	0.69377	0.712784	0.718219	0.711558	0.694517	0.668908	0.636507	0.598938	0.55759	0.51359	0.467808	0.420905	0.373398	0.325735	0.278372	0.231833	0.186754	0.143912	0.104231	0.0687753	0.038728	0.0153611	0	0	0	0	0	0	0	0	0	0	0	
6	2.4	0	0	0	0	0	0	0	0	0	0.0356327	0.172756	0.298718	0.412487	0.513019	0.599344	0.670679	0.72653	0.766792	0.791821	0.802455	0.799981	0.786044	0.762504	0.731273	0.694153	0.65271	0.608202	0.561564	0.513457	0.464333	0.414538	0.364398	0.314299	0.264748	0.216408	0.170116	0.126879	0.0878559	0.0543277	0.0276571	0.00924912	0.000510525	0	0	0	0	0	0	0	0	0	
7	2.8	0	0	0	0	0	0	0	0	0.0498768	0.186369	0.312935	0.428654	0.5325	0.623409	0.700385	0.762617	0.809605	0.841281	0.858088	0.861009	0.851519	0.831458	0.802851	0.767694	0.727762	0.684478	0.638854	0.591525	0.542841	0.492988	0.44211	0.390417	0.338257	0.286166	0.234883	0.185353	0.138709	0.0962381	0.0593417	0.0294906	0.00817881	-0.00311988	-0.00298856	0	0	0	0	0	0	0	0	
8	3.2	0	0	0	0	0	0	0	0.0461812	0.180336	0.305569	0.421182	0.526301	0.619915	0.700958	0.768416	0.821461	0.859603	0.882834	0.891726	0.887465	0.871778	0.846765	0.814649	0.777494	0.736976	0.694241	0.649896	0.604113	0.556808	0.507821	0.457082	0.404711	0.351079	0.296818	0.242815	0.190184	0.140226	0.0943923	0.0542276	0.0213232	-0.00273355	-0.0164026	-0.0182276	-0.00686306	0	0	0	0	0	0	0	
9	3.6	0	0	0	0	0	0	0.0283453	0.158805	0.280955	0.394397	0.49852	0.592513	0.675402	0.746132	0.803679	0.847211	0.876265	0.890923	0.891946	0.880805	0.859589	0.830758	0.796799	0.759839	0.721345	0.681999	0.641761	0.600113	0.556364	0.509932	0.460535	0.408273	0.353637	0.297459	0.240861	0.185192	0.131975	0.0828506	0.0395261	0.00371851	-0.0228921	-0.0387059	-0.0422365	-0.0321342	-0.00719899	0	0	0	0	0	0	
10	4	0	0	0	0	0	0	0.126021	0.243851	0.353417	0.454437	0.546405	0.628593	0.700082	0.759838	0.806841	0.840259	0.859667	0.865278	0.858108	0.84004	0.813685	0.782039	0.747973	0.713688	0.680304	0.647752	0.614994	0.580487	0.542714	0.500589	0.45367	0.402167	0.346841	0.288868	0.229707	0.171018	0.114582	0.0622563	0.0159135	-0.0226041	-0.0515318	-0.069221	-0.0741682	-0.0650326	-0.0406437	0	0	0	0	0	0	
11	4.4	0	0	0	0	0	0.0857453	0.198792	0.303472	0.399837	0.487737	0.566787	0.636361	0.69561	0.743537	0.779121	0.801531	0.810383	0.806042	0.789869	0.764315	0.732757	0.699009	0.666556	0.637731	0.613124	0.5915	0.570285	0.546431	0.5173	0.481249	0.437807	0.387518	0.331642	0.27187	0.210118	0.148413	0.0888275	0.0334349	-0.0157281	-0.0567052	-0.0876607	-0.106912	-0.112954	-0.104469	-0.0803281	-0.039584	0	0	0	0	0	
12	4.8	0	0	0	0	0.0407434	0.149459	0.24917	0.340212	0.42277	0.496832	0.562149	0.618213	0.664264	0.699342	0.722427	0.732662	0.729681	0.714002	0.6874	0.65309	0.615563	0.579892	0.550591	0.530301	0.518859	0.513243	0.508526	0.499441	0.481854	0.453575	0.414382	0.365516	0.309048	0.247387	0.183006	0.118336	0.0557361	-0.00251213	-0.0542262	-0.0973527	-0.130001	-0.150472	-0.157271	-0.149119	-0.12494	-0.0838476	-0.025131	0	0	0	0	
13	5.2	0	0	0	0	0.0981965	0.193864	0.279981	0.356989	0.4252	0.484744	0.535521	0.577157	0.608992	0.630114	0.639483	0.636173	0.619765	0.590875	0.551707	0.506442	0.461132	0.422805	0.414331	0.420236	0.420223	0.417108	0.413976	0.414372	0.422492	0.419448	0.384942	0.337431	0.28019	0.216541	0.149567	0.082085	0.0167119	-0.0440947	-0.098028	-0.142954	-0.176942	-0.198288	-0.205524	-0.197417	-0.172952	-0.131315	-0.0718622	0	0	0	0	
14	5.6	0	0	0	0.0457603	0.139242	0.221894	0.294312	0.357032	0.410484	0.454939	0.49045	0.516795	0.533429	0.539495	0.533913	0.515618	0.484017	0.439657	0.385073	0.325525	0.347277	0.361504	0.364715	0.359062	0.346601	0.329492	0.310182	0.2916	0.277346	0.271883	0.280727	0.304675	0.246458	0.180844	0.111479	0.0414902	-0.0263108	-0.0893212	-0.145123	-0.19151	-0.226516	-0.248441	-0.255852	-0.247572	-0.222653	-0.180353	-0.1201	-0.0414647	0	0	0	
15	6	0	0	0	0.0851939	0.166743	0.236607	0.295425	0.343804	0.382277	0.411249	0.43093	0.44126	0.441837	0.431874	0.410239	0.375658	0.327174	0.264975	0.253232	0.28823	0.308634	0.316664	0.314087	0.302409	0.283065	0.25761	0.227911	0.196333	0.165937	0.140663	0.125527	0.126808	0.15224	0.142504	0.0711857	-0.000874494	-0.0707248	-0.135619	-0.193015	-0.240618	-0.276426	-0.298745	-0.306182	-0.297623	-0.272192	-0.229222	-0.168211	-0.0887927	0	0	0	
16	6.4	0	0	0.0299634	0.113398	0.18356	0.24109	0.286645	0.320879	0.344405	0.357746	0.361267	0.355084	0.338967	0.312241	0.273749	0.221958	0.155352	0.171375	0.217247	0.247889	0.265512	0.271707	0.26763	0.254201	0.232283	0.202886	0.167346	0.127522	0.0859881	0.0462181	0.0127812	-0.00846912	-0.0102041	0.016571	0.0322143	-0.0415114	-0.113184	-0.179849	-0.238778	-0.28756	-0.324144	-0.346845	-0.354322	-0.345529	-0.31967	-0.276155	-0.214551	-0.13455	-0.0359427	0	0	
17	6.8	0	0	0.0591126	0.132907	0.192444	0.238335	0.271231	0.2918	0.300709	0.298575	0.285903	0.262998	0.229838	0.185932	0.130184	0.0608465	0.07366	0.132335	0.175369	0.20517	0.223354	0.230937	0.228521	0.216487	0.195189	0.16514	0.127203	0.0827865	0.0340287	-0.0160068	-0.0631426	-0.101897	-0.125291	-0.12466	-0.0894646	-0.0759887	-0.149726	-0.218485	-0.279264	-0.329497	-0.36709	-0.390384	-0.398107	-0.389298	-0.363252	-0.319456	-0.257549	-0.17728	-0.0784807	0	0	
18	7.2	0	0	0.0809078	0.146049	0.195934	0.231126	0.252239	0.259927	0.254874	0.237758	0.209203	0.169695	0.119458	0.0582771	-0.0147244	-0.0383957	0.0339376	0.0901578	0.133075	0.164536	0.185617	0.196809	0.198216	0.189739	0.171271	0.142886	0.10503	0.0587101	0.00568874	-0.0513288	-0.108502	-0.160666	-0.201138	-0.221531	-0.211558	-0.158844	-0.176207	-0.248042	-0.31147	-0.36379	-0.402902	-0.427224	-0.435588	-0.427148	-0.401298	-0.357615	-0.295808	-0.215679	-0.117102	0	0	
19	7.6	0	0.0229166	0.0972297	0.154865	0.196262	0.221918	0.232385	0.228272	0.210242	0.178992	0.135224	0.0795791	0.012537	-0.0657596	-0.155768	-0.076017	-0.00663069	0.0492397	0.0938765	0.128619	0.154056	0.170214	0.176748	0.173136	0.158864	0.133622	0.0974904	0.0511342	-0.00400884	-0.0655362	-0.12989	-0.192168	-0.245929	-0.283006	-0.293315	-0.264661	-0.189151	-0.265744	-0.333066	-0.388396	-0.429748	-0.455696	-0.465236	-0.457667	-0.432504	-0.389419	-0.328193	-0.248682	-0.150795	-0.0344801	0	
20	8	0	0.0407036	0.109642	0.161044	0.195274	0.212744	0.213928	0.199362	0.16965	0.125458	0.0675069	-0.00346141	-0.0867525	-0.181846	-0.19507	-0.112809	-0.0447044	0.0121645	0.0596069	0.0985097	0.129028	0.150777	0.163021	0.164865	0.155446	0.134122	0.100665	0.0554496	-0.000355068	-0.0645952	-0.133941	-0.203698	-0.267612	-0.317684	-0.343974	-0.334416	-0.274621	-0.270331	-0.342946	-0.402277	-0.446623	-0.474831	-0.486118	-0.479963	-0.456018	-0.414052	-0.353917	-0.27552	-0.178804	-0.0637386	0	
21	8.4	0	0.0545098	0.11936	0.165889	0.194377	0.205152	0.198592	0.175138	0.1353	0.0796658	0.00890795	-0.0762221	-0.174915	-0.286361	-0.226066	-0.146458	-0.0785986	-0.0200035	0.0307169	0.0740509	0.109776	0.137149	0.155098	0.16241	0.157927	0.140732	0.110339	0.0668897	0.0113378	-0.0543567	-0.127038	-0.202164	-0.273615	-0.333502	-0.37198	-0.377051	-0.33438	-0.262678	-0.341616	-0.405647	-0.453539	-0.4845	-0.498016	-0.493758	-0.471515	-0.431152	-0.372586	-0.295768	-0.200669	-0.0872779	0	
22	8.8	0	0.0651662	0.127246	0.170301	0.194535	0.200185	0.187531	0.156902	0.108691	0.0433663	-0.0385172	-0.136298	-0.249198	-0.344923	-0.254011	-0.176153	-0.107991	-0.0474265	0.0065665	0.0541323	0.0947247	0.127298	0.150496	0.162846	0.162947	0.149659	0.122298	0.0808234	0.0260293	-0.0402639	-0.11502	-0.193795	-0.270547	-0.337447	-0.384685	-0.400282	-0.369898	-0.276643	-0.331169	-0.399956	-0.451512	-0.485423	-0.501437	-0.499398	-0.479213	-0.440828	-0.384211	-0.309346	-0.216228	-0.104856	0	
23	9.2	0	0.0731989	0.133822	0.174809	0.196287	0.198408	0.181353	0.145338	0.0906234	0.0175282	-0.0735576	-0.182151	-0.307653	-0.366589	-0.278936	-0.202286	-0.133631	-0.0712009	-0.0142817	0.036982	0.0817751	0.118803	0.146482	0.163131	0.167162	0.157268	0.132619	0.0930478	0.0392434	-0.0270593	-0.102888	-0.183844	-0.26391	-0.335257	-0.388062	-0.410306	-0.387592	-0.302952	-0.314716	-0.387524	-0.442327	-0.479008	-0.497502	-0.497777	-0.479816	-0.443614	-0.389174	-0.316499	-0.225594	-0.116468	0	
24	9.6	0	0.0788575	0.139316	0.179613	0.199811	0.19998	0.180207	0.140598	0.0812809	0.00241333	-0.095806	-0.213126	-0.349225	-0.387032	-0.301923	-0.226164	-0.157042	-0.0930636	-0.0337699	0.0204596	0.068595	0.109148	0.140361	0.1604	0.167543	0.160372	0.137964	0.100082	0.0473615	-0.0184915	-0.0945157	-0.176302	-0.257801	-0.331136	-0.386408	-0.411511	-0.391932	-0.310571	-0.295421	-0.370917	-0.428126	-0.467064	-0.487744	-0.49018	-0.474385	-0.440371	-0.388148	-0.317725	-0.229108	-0.122305	0	
25	10	0	0.0821523	0.143704	0.184655	0.205006	0.204755	0.183905	0.142453	0.0804013	-0.00225126	-0.105504	-0.229358	-0.373813	-0.407993	-0.324809	-0.249714	-0.180234	-0.1151	-0.0540522	0.00234874	0.0529132	0.0960127	0.129771	0.152255	0.161665	0.156525	0.135874	0.0994569	0.0479153	-0.0170228	-0.0923514	-0.173596	-0.254624	-0.327451	-0.382054	-0.406178	-0.385146	-0.301668	-0.275536	-0.352311	-0.410952	-0.451459	-0.473832	-0.478071	-0.464177	-0.432149	-0.381987	-0.313691	-0.227261	-0.122697	0	
26	10.4	0	0.0828908	0.146767	0.189683	0.211585	0.212407	0.19207	0.150475	0.0874995	0.00298863	-0.103258	-0.2315	-0.382085	-0.431814	-0.349896	-0.275189	-0.205408	-0.13945	-0.0772017	-0.0193494	0.0328114	0.0775672	0.112977	0.137064	0.148003	0.144315	0.125058	0.0900133	0.0398796	-0.0235361	-0.0971294	-0.176307	-0.254795	-0.32445	-0.375069	-0.394196	-0.366932	-0.275745	-0.255919	-0.33307	-0.392381	-0.433809	-0.457316	-0.462871	-0.45045	-0.42003	-0.371593	-0.305124	-0.220611	-0.118042	0	
27	10.8	0	0.0807053	0.148129	0.194312	0.219153	0.222526	0.204279	0.16422	0.102106	0.0176214	-0.0896426	-0.220235	-0.374906	-0.461144	-0.379657	-0.304881	-0.234665	-0.168017	-0.104918	-0.0461237	0.00701812	0.0527637	0.0891619	0.114245	0.126221	0.12366	0.105692	0.0721898	0.0239652	-0.0370423	-0.107575	-0.182866	-0.256447	-0.319961	-0.362969	-0.37276	-0.334159	-0.229338	-0.236228	-0.313692	-0.373363	-0.415271	-0.43941	-0.44576	-0.434294	-0.404982	-0.357795	-0.292707	-0.209694	-0.108735	0	
28	11.2	0	0.0750619	0.147274	0.19805	0.227248	0.234691	0.220158	0.183367	0.123954	0.0414389	-0.064821	-0.19571	-0.352474	-0.498647	-0.416441	-0.340819	-0.269708	-0.202173	-0.138232	-0.0786601	-0.0247993	0.0216296	0.05872	0.0845688	0.0974684	0.0960961	0.0797059	0.0483183	0.00291183	-0.054387	-0.120113	-0.18927	-0.255142	-0.309104	-0.340425	-0.336085	-0.28058	-0.155731	-0.215561	-0.294029	-0.354228	-0.396456	-0.420869	-0.42754	-0.416495	-0.387734	-0.341239	-0.276988	-0.194953	-0.0951051	0	
29	11.6	0	0.0652477	0.143535	0.200291	0.235341	0.248468	0.239391	0.207746	0.153054	0.0746668	-0.0283075	-0.157125	-0.313604	-0.500446	-0.462186	-0.384486	-0.311556	-0.242468	-0.177219	-0.116549	-0.0617415	-0.014439	0.0235504	0.0504433	0.0646713	0.065072	0.0510797	0.0229161	-0.0182193	-0.069958	-0.128572	-0.188784	-0.243574	-0.283993	-0.298967	-0.275111	-0.196537	-0.0920931	-0.193068	-0.273587	-0.334804	-0.377442	-0.401942	-0.408566	-0.397462	-0.368704	-0.322322	-0.258318	-0.176678	-0.0773774	0	
30	12	0	0.0503312	0.136051	0.200262	0.242774	0.263343	0.261647	0.237259	0.189601	0.117875	0.0209576	-0.102762	-0.255647	-0.441239	-0.518119	-0.436516	-0.360248	-0.288332	-0.220699	-0.157992	-0.101384	-0.0523855	-0.0126504	0.0162112	0.0328252	0.0362436	0.0261358	0.00297868	-0.0317522	-0.0753921	-0.123897	-0.171651	-0.211278	-0.233449	-0.226695	-0.177209	-0.0686645	-0.0622305	-0.168187	-0.251721	-0.314547	-0.357846	-0.382409	-0.388755	-0.377211	-0.347976	-0.301163	-0.236829	-0.154992	-0.0556474	0	
31	12.4	0	0.0291028	0.123689	0.196934	0.248651	0.27859	0.286417	0.271671	0.233716	0.171653	0.0841948	-0.0305249	-0.17525	-0.354059	-0.573054	-0.496411	-0.414548	-0.337792	-0.265946	-0.199508	-0.139485	-0.087199	-0.0440961	-0.0115585	0.00928822	0.0177652	0.0138311	-0.00172704	-0.0271035	-0.0592829	-0.0938494	-0.124796	-0.144335	-0.142705	-0.107983	-0.0258894	0.108927	-0.0291005	-0.140506	-0.227687	-0.292651	-0.336938	-0.361675	-0.367655	-0.355422	-0.325338	-0.277633	-0.212447	-0.129856	-0.0298913	0	
32	12.8	0	0	0.10496	0.188911	0.251695	0.293089	0.312779	0.31032	0.285073	0.236119	0.162119	0.0611264	-0.0697049	-0.234524	-0.439325	-0.562241	-0.471656	-0.387167	-0.308398	-0.235645	-0.169693	-0.111622	-0.0626171	-0.0237777	0.00407399	0.0205826	0.0260508	0.0216298	0.00951035	-0.00688702	-0.0227209	-0.0315384	-0.0250845	0.00688844	0.0768119	0.199491	0.151315	0.00718187	-0.109514	-0.200638	-0.268155	-0.313785	-0.338907	-0.34457	-0.33154	-0.300365	-0.251418	-0.184949	-0.101113	0	0	
33	13.2	0	0	0.077911	0.1743	0.250094	0.305129	0.339157	0.3518	0.342487	0.310374	0.254211	0.172173	0.0616247	-0.0811738	-0.261382	-0.485807	-0.526912	-0.430786	-0.341361	-0.258679	-0.18325	-0.115857	-0.0573682	-0.00854621	0.0301444	0.0587263	0.0779005	0.0892371	0.0953662	0.100168	0.108964	0.128708	0.168175	0.238156	0.351643	0.371813	0.196141	0.0470954	-0.0745118	-0.169688	-0.240085	-0.287419	-0.313215	-0.318723	-0.304921	-0.272543	-0.222125	-0.154044	-0.0685593	0	0	
34	13.6	0	0	0.0400425	0.150605	0.241359	0.312238	0.363099	0.393683	0.403561	0.392053	0.358128	0.300265	0.216295	0.103236	-0.0427923	-0.226452	-0.45255	-0.460687	-0.355717	-0.25833	-0.168705	-0.087274	-0.0145354	0.0491411	0.103703	0.149604	0.187999	0.220933	0.251527	0.284177	0.324739	0.380721	0.461476	0.578388	0.618851	0.422787	0.24476	0.0914764	-0.0347738	-0.134083	-0.207648	-0.257046	-0.283847	-0.289444	-0.274993	-0.241411	-0.1894	-0.119481	-0.0320291	0	0	
35	14	0	0	0	0.114639	0.222226	0.311055	0.381124	0.432338	0.464461	0.477053	0.46939	0.440372	0.388437	0.311514	0.207092	0.0725542	-0.0940163	-0.292254	-0.339632	-0.221463	-0.111616	-0.0101186	0.0829571	0.167687	0.244485	0.314294	0.378774	0.440496	0.503134	0.571649	0.652488	0.753769	0.885472	0.873528	0.675573	0.47917	0.298412	0.14095	0.0100932	-0.0934694	-0.170465	-0.222258	-0.250394	-0.256352	-0.241431	-0.206713	-0.153064	-0.0811555	0	0	0	
36	14.4	0	0	0	0.0624875	0.188602	0.297272	0.38866	0.462861	0.519862	0.559497	0.581386	0.584886	0.569056	0.532686	0.474456	0.393326	0.289301	0.164694	0.0259222	-0.114446	0.00574053	0.134783	0.255739	0.369186	0.476057	0.577836	0.676748	0.775944	0.879701	0.993603	1.12474	1.26439	1.1247	0.941779	0.740994	0.541786	0.357297	0.195334	0.0597613	-0.0481745	-0.128792	-0.183232	-0.212968	-0.219521	-0.204301	-0.168531	-0.113233	-0.0392254	0	0	0	
37	14.8	0	0	0	0	0.135579	0.26566	0.380086	0.479145	0.563052	0.631906	0.685659	0.724078	0.746754	0.753156	0.742811	0.715657	0.672645	0.616618	0.553386	0.492698	0.448513	0.43775	0.528288	0.679714	0.826101	0.969529	1.11284	1.25982	1.41541	1.5132	1.48095	1.37531	1.21468	1.02062	0.813339	0.609222	0.420028	0.253234	0.112887	0.000578264	-0.0836989	-0.140876	-0.172339	-0.179615	-0.164189	-0.127406	-0.0704219	0	0	0	0	
38	15.2	0	0	0	0	0.0575045	0.210159	0.34885	0.474048	0.586166	0.685533	0.772367	0.846753	0.908653	0.957972	0.994702	1.01919	1.03256	1.03723	1.03751	1.03993	1.05301	1.08607	1.14689	1.23852	1.35633	1.48686	1.60953	1.70119	1.74202	1.72039	1.63496	1.49372	1.31099	1.10365	0.888019	0.677864	0.483515	0.311888	0.16698	0.0505582	-0.0371582	-0.0969228	-0.130022	-0.137964	-0.122282	-0.0844097	-0.0256235	0	0	0	0	
39	15.6	0	0	0	0	0	0.124021	0.287664	0.439636	0.580506	0.710772	0.830827	0.940948	1.0413	1.13196	1.21306	1.2849	1.34826	1.40465	1.45656	1.50755	1.56186	1.62353	1.69495	1.77519	1.85865	1.93494	1.99031	2.01054	1.98435	1.90621	1.77743	1.60561	1.40267	1.18245	0.958438	0.742322	0.543156	0.367247	0.218427	0.0985346	0.00794708	-0.0539353	-0.0882947	-0.0966	-0.0804008	-0.0411955	0	0	0	0	0	
40	16	0	0	0	0	0	0	0.188723	0.367464	0.536891	0.697591	0.850041	0.994581	1.13141	1.26058	1.38208	1.4959	1.60219	1.70136	1.79419	1.88176	1.96519	2.04503	2.1205	2.18869	2.24413	2.27903	2.28444	2.25208	2.17633	2.05577	1.89374	1.69782	1.47854	1.24769	1.01681	0.795973	0.593189	0.414203	0.262648	0.140381	0.0478985	-0.015261	-0.0501706	-0.0582383	-0.0410039	0	0	0	0	0	0	
41	16.4	0	0	0	0	0	0	0.0439533	0.248865	0.44599	0.635932	0.819159	0.995964	1.16644	1.33048	1.48775	1.6378	1.78002	1.91378	2.0384	2.1531	2.25684	2.34799	2.42404	2.48129	2.51486	2.51911	2.48848	2.41867	2.30778	2.15716	1.97152	1.75854	1.52786	1.28993	1.05485	0.831508	0.627096	0.446882	0.29431	0.171241	0.0782722	0.0150715	-0.0193165	-0.0262191	-0.00714001	0	0	0	0	0	0	
42	16.8	0	0	0	0	0	0	0	0.0752041	0.29862	0.516037	0.727836	0.934179	1.13497	1.32982	1.51805	1.69866	1.87036	2.03162	2.18061	2.31526	2.43313	2.53136	2.6066	2.65502	2.67254	2.6552	2.59986	2.50489	2.37084	2.20082	2.00046	1.77745	1.54084	1.30008	1.06426	0.841375	0.637974	0.458945	0.307576	0.18573	0.0941003	0.0324845	5.35769e-05	-0.00442106	0	0	0	0	0	0	0	
43	17.2	0	0	0	0	0	0	0	0	0.0859918	0.328704	0.566486	0.799313	1.02685	1.2484	1.46288	1.66883	1.86436	2.04722	2.21479	2.36414	2.49204	2.595	2.66941	2.71168	2.71851	2.68729	2.61658	2.50655	2.35932	2.17909	1.97199	1.74568	1.50867	1.26971	1.03708	0.818114	0.618845	0.443863	0.296333	0.178131	0.0900419	0.0319978	0.00330346	0	0	0	0	0	0	0	0	
44	17.6	0	0	0	0	0	0	0	0	0	0.0654569	0.326436	0.58258	0.833295	1.07758	1.31401	1.54068	1.75528	1.95503	2.13682	2.29722	2.43261	2.53932	2.61378	2.65282	2.65387	2.61539	2.53711	2.42039	2.26833	2.08576	1.87904	1.65564	1.42364	1.19117	0.965892	0.754587	0.562884	0.395131	0.254397	0.142575	0.0605467	0.00837431	0	0	0	0	0	0	0	0	0	
45	18	0	0	0	0	0	0	0	0	0	0	0	0.276348	0.546852	0.810242	1.06479	1.30829	1.53809	1.75113	1.94399	2.11305	2.25459	2.365	2.44097	2.47978	2.47954	2.43948	2.3602	2.24381	2.09397	1.91583	1.71574	1.50092	1.27903	1.05764	0.8439	0.644117	0.463583	0.306439	0.175675	0.0732045	0	0	0	0	0	0	0	0	0	0	0	
46	18.4	0	0	0	0	0	0	0	0	0	0	0	0	0.161301	0.440581	0.709993	0.967123	1.20913	1.43279	1.63461	1.81094	1.95818	2.0729	2.15217	2.19372	2.19625	2.15958	2.08489	1.97473	1.83309	1.66517	1.4772	1.27609	1.06902	0.8631	0.664977	0.480563	0.314845	0.17178	0.0542839	0	0	0	0	0	0	0	0	0	0	0	0	
47	18.8	0	0	0	0	0	0	0	0	0	0	0	0	0	0	0.245573	0.513817	0.765782	0.99823	1.20771	1.39071	1.54381	1.66392	1.74847	1.79566	1.80463	1.77568	1.71035	1.61148	1.48312	1.33043	1.15939	0.976531	0.788611	0.60225	0.423649	0.258346	0.111046	0	0	0	0	0	0	0	0	0	0	0	0	0	0	
48	19.2	0	0	0	0	0	0	0	0	0	0	0	0	0	0	0	0	0.206275	0.446359	0.662865	0.852491	1.01211	1.13897	1.23089	1.28645	1.30521	1.28779	1.23596	1.15267	1.04196	0.908811	0.758899	0.598365	0.433503	0.270477	0.115063	0	0	0	0	0	0	0	0	0	0	0	0	0	0	0	0	
49	19.6	0	0	0	0	0	0	0	0	0	0	0	0	0	0	0	0	0	0	0	0.196667	0.363777	0.498928	0.600307	0.666858	0.698433	0.695891	0.661151	0.597174	0.507882	0.398008	0.272902	0.138285	0	0	0	0	0	0	0	0	0	0	0	0	0	0	0	0	0	0	0	
50	20	0	0	0	0	0	0	0	0	0	0	0	0	0	0	0	0	0	0	0	0	0	0	0	0	0	0	0	0	0	0	0	0	0	0	0	0	0	0	0	0	0	0	0	0	0	0	0	0	0	0	0	
