File Name: WavefrontEntireData.txt
ROI Dimension, mm: 20
Pupil Radius, mm: 5
Array Dimension: 50
Width, mm: 20
Mesh Size, mm: 0.4
Wavelength, nm: 685
Phase Data, micrometers (below)
-2	-1	0	1	2	3	4	5	6	7	8	9	10	11	12	13	14	15	16	17	18	19	20	21	22	23	24	25	26	27	28	29	30	31	32	33	34	35	36	37	38	39	40	41	42	43	44	45	46	47	48	49	50	
-0.4	0	0.4	0.8	1.2	1.6	2	2.4	2.8	3.2	3.6	4	4.4	4.8	5.2	5.6	6	6.4	6.8	7.2	7.6	8	8.4	8.8	9.2	9.6	10	10.4	10.8	11.2	11.6	12	12.4	12.8	13.2	13.6	14	14.4	14.8	15.2	15.6	16	16.4	16.8	17.2	17.6	18	18.4	18.8	19.2	19.6	20	
0	0	0	0	0	0	0	0	0	0	0	0	0	0	0	0	0	0	0	0	0	0	0	0	0	0	0	0	0	0	0	0	0	0	0	0	0	0	0	0	0	0	0	0	0	0	0	0	0	0	0	0	0	
1	0.4	0	0	0	0	0	0	0	0	0	0	0	0	0	0	0	0	0	0	0	0.846145	1.53792	2.0842	2.49329	2.7726	2.92847	2.96585	2.88824	2.69748	2.39377	1.97572	1.44042	0.783636	0	0	0	0	0	0	0	0	0	0	0	0	0	0	0	0	0	0	0	
2	0.8	0	0	0	0	0	0	0	0	0	0	0	0	0	0	0	0	0.984744	2.06065	2.97028	3.7241	4.33247	4.80534	5.15199	5.38071	5.49851	5.5108	5.42127	5.23169	4.94195	4.5501	4.05249	3.444	2.71827	1.86797	0.885078	0	0	0	0	0	0	0	0	0	0	0	0	0	0	0	0	
3	1.2	0	0	0	0	0	0	0	0	0	0	0	0	0	0	1.30894	2.62575	3.76059	4.72469	5.52961	6.18703	6.70858	7.10543	7.38802	7.5656	7.64591	7.63485	7.53627	7.3518	7.08092	6.72096	6.26738	5.71401	5.05332	4.2768	3.37524	2.33901	1.15833	0	0	0	0	0	0	0	0	0	0	0	0	0	0	
4	1.6	0	0	0	0	0	0	0	0	0	0	0	0	0.983391	2.56104	3.93839	5.12675	6.13803	6.98468	7.67961	8.23593	8.6667	8.98454	9.20116	9.32693	9.37041	9.33799	9.23364	9.05876	8.81223	8.49053	8.08801	7.59726	7.00943	6.31463	5.50232	4.5616	3.48152	2.25124	0.860256	0	0	0	0	0	0	0	0	0	0	0	0	
5	2	0	0	0	0	0	0	0	0	0	0	0	1.86607	3.51171	4.94796	6.18648	7.23969	8.12073	8.84346	9.4223	9.87204	10.2074	10.4427	10.5911	10.6643	10.6717	10.6202	10.5139	10.3537	10.1377	9.86141	9.51778	9.09794	8.59151	7.98705	7.27254	6.43568	5.46423	4.34619	3.07004	1.62478	0	0	0	0	0	0	0	0	0	0	0	
6	2.4	0	0	0	0	0	0	0	0	0	0.52014	2.46748	4.18352	5.67947	6.96724	8.05957	8.97005	9.71324	10.3046	10.7603	11.097	11.3315	11.4801	11.5576	11.5773	11.5495	11.4816	11.3776	11.2379	11.0595	10.8367	10.5607	10.2209	9.80522	9.30048	8.69299	7.96892	7.11464	6.11692	4.96315	3.6414	2.14047	0.449895	0	0	0	0	0	0	0	0	0	
7	2.8	0	0	0	0	0	0	0	0	0.770491	2.8059	4.59762	6.15697	7.49597	8.62749	9.5654	10.3246	10.9212	11.3725	11.6968	11.9129	12.0401	12.0969	12.1003	12.0652	12.0032	11.922	11.8254	11.7129	11.5803	11.4199	11.2213	10.9717	10.6571	10.2623	9.77178	9.17008	8.44204	7.57315	6.54965	5.35864	3.98811	2.42692	0.664761	0	0	0	0	0	0	0	0	
8	3.2	0	0	0	0	0	0	0	0.7631	2.89662	4.77266	6.40248	7.79807	8.97233	9.9391	10.7135	11.3117	11.7518	12.0531	12.2361	12.3226	12.3346	12.2934	12.2188	12.1275	12.0324	11.9415	11.8582	11.7808	11.7032	11.6156	11.5052	11.3571	11.1548	10.881	10.5183	10.0492	9.45707	8.72597	7.84095	6.78812	5.55464	4.12872	2.49949	0.657012	0	0	0	0	0	0	0	
9	3.6	0	0	0	0	0	0	0.505565	2.75077	4.72343	6.43459	7.89608	9.12057	10.1218	10.9146	11.5154	11.9419	12.2141	12.3535	12.3838	12.3298	12.217	12.0704	11.9127	11.7633	11.6363	11.5401	11.4771	11.4438	11.4319	11.4287	11.4189	11.3847	11.3072	11.1666	10.9433	10.6179	10.1719	9.58806	8.85004	7.94298	6.85325	5.56839	4.07705	2.36889	0.434476	0	0	0	0	0	0	
10	4	0	0	0	0	0	0	2.37401	4.45946	6.26694	7.80791	9.09467	10.1406	10.9601	11.5692	11.9854	12.2282	12.3195	12.2836	12.1473	11.9396	11.6902	11.4286	11.1816	10.9715	10.8141	10.7179	10.6835	10.7051	10.7711	10.8657	10.9702	11.0638	11.1248	11.1308	11.0596	10.8897	10.6008	10.174	9.59178	8.83818	7.8988	6.76059	5.41177	3.84169	2.04068	0	0	0	0	0	0	
11	4.4	0	0	0	0	0	1.76554	3.98367	5.9066	7.54515	8.91102	10.017	10.8769	11.5059	11.921	12.1409	12.1868	12.0826	11.8557	11.5367	11.1591	10.7583	10.3696	10.025	9.75082	9.56473	9.47467	9.47906	9.56822	9.72649	9.93403	10.1684	10.4055	10.6202	10.7874	10.8821	10.8805	10.7603	10.5008	10.0833	9.49073	8.70807	7.72172	6.51956	5.09072	3.42543	1.51489	0	0	0	0	0	
12	4.8	0	0	0	0	0.917482	3.2915	5.35283	7.11139	8.57804	9.76465	10.6843	11.3511	11.7812	11.9919	12.0033	11.838	11.5222	11.0863	10.5651	9.99807	9.42737	8.89581	8.44275	8.09969	7.88667	7.81058	7.86601	8.03797	8.30528	8.64318	9.02501	9.42292	9.80844	10.153	10.4288	10.6093	10.6699	10.5882	10.3442	9.92002	9.29995	8.47004	7.41795	6.13273	4.60462	2.82489	0.785733	0	0	0	0	
13	5.2	0	0	0	0	2.37052	4.59637	6.50117	8.09465	9.38759	10.3918	11.1206	11.5883	11.8112	11.8076	11.5981	11.2068	10.6619	9.99678	9.25103	8.47054	7.70636	7.01139	6.47265	6.10757	5.88141	5.7998	5.86891	6.09584	6.48898	7.00467	7.55398	8.13252	8.70799	9.24811	9.72149	10.0986	10.3525	10.4591	10.3972	10.1481	9.69563	9.02578	8.12614	6.98584	5.5953	3.94601	2.0304	0	0	0	0	
14	5.6	0	0	0	1.20075	3.61944	5.69955	7.4495	8.87869	9.99759	10.8179	11.3526	11.6163	11.6253	11.3981	10.9561	10.324	9.53172	8.61534	7.6191	6.59632	5.81089	5.16094	4.63971	4.25151	4.00045	3.89085	3.92761	4.11658	4.46497	4.9817	5.67779	6.55462	7.34187	8.09772	8.78665	9.37576	9.83562	10.1405	10.2682	10.1997	9.91865	9.41112	8.66491	7.66948	6.41557	4.89506	3.10076	1.0263	0	0	0	
15	6	0	0	0	2.39655	4.6827	6.62107	8.21954	9.48698	10.4334	11.07	11.4095	11.4662	11.2563	10.7982	10.1133	9.22668	8.16902	6.97836	5.84894	4.93901	4.15065	3.4883	2.9555	2.55525	2.29042	2.16413	2.18011	2.34309	2.6592	3.1363	3.78444	4.61617	5.64696	6.73342	7.65705	8.47361	9.15133	9.66322	9.98661	10.1025	9.99481	9.65002	9.05646	8.20413	7.08431	5.68942	4.01279	2.04858	0	0	0	
16	6.4	0	0	0.895922	3.41918	5.57885	7.38121	8.83347	9.94377	10.7214	11.1771	11.3227	11.172	10.7407	10.0468	9.11119	7.95859	6.6194	5.38371	4.34477	3.42613	2.63221	1.96619	1.43038	1.02663	0.75666	0.622486	0.626784	0.773274	1.0671	1.51521	2.12675	2.91341	3.88987	5.0741	6.37312	7.43165	8.33732	9.06266	9.58525	9.88673	9.95185	9.76787	9.32399	8.61096	7.62084	6.34673	4.78263	2.92329	0.76411	0	0	
17	6.8	0	0	1.87186	4.2852	6.32609	8.00006	9.31345	10.2736	10.8888	11.1689	11.1248	10.7696	10.1179	9.18689	7.9964	6.57011	5.18828	4.02419	2.97957	2.05925	1.26645	0.60321	0.070725	-0.330236	-0.598968	-0.734446	-0.734941	-0.597638	-0.318259	0.109322	0.69346	1.44512	2.37826	3.5102	4.86203	6.29644	7.43658	8.37805	9.09973	9.58462	9.81886	9.79093	9.49117	8.91136	8.04448	6.88448	5.42611	3.66483	1.59667	0	0	
18	7.2	0	0	2.69776	5.01039	6.94192	8.49702	9.6811	10.5004	10.9624	11.0754	10.8495	10.2963	9.42926	8.26417	6.81951	5.26568	3.97815	2.80915	1.7643	0.847302	0.0602953	-0.59573	-1.12057	-1.51442	-1.77749	-1.90964	-1.90997	-1.77647	-1.50562	-1.092	-0.527942	0.196898	1.09588	2.18578	3.48716	5.02479	6.49654	7.65153	8.5674	9.22934	9.62533	9.74546	9.58145	9.12629	8.37402	7.31953	5.95844	4.28693	2.30174	0	0	
19	7.6	0	0.771766	3.38685	5.60939	7.44262	8.89031	9.95686	10.6474	10.9681	10.9261	10.5299	9.78958	8.71696	7.32614	5.63373	4.21052	2.91709	1.74739	0.705983	-0.204457	-0.98275	-1.62884	-2.14343	-2.52755	-2.78223	-2.90809	-2.90497	-2.77155	-2.50494	-2.10034	-1.55064	-0.846031	0.026372	1.0829	2.34372	3.83323	5.56697	6.92617	8.02575	8.85363	9.4	9.65677	9.61719	9.27557	8.62709	7.66764	6.39371	4.8023	2.8908	0.656972	0	
20	8	0	1.40724	3.95094	6.09535	7.84291	9.19647	10.1594	10.7358	10.9303	10.7487	10.1978	9.28586	8.02274	6.4204	4.7262	3.30777	2.01178	0.844074	-0.191724	-1.09384	-1.86197	-2.49689	-3.00005	-3.37326	-3.61823	-3.73626	-3.72779	-3.59209	-3.3268	-2.92763	-2.38791	-1.69826	-0.846162	0.184378	1.41324	2.86455	4.5671	6.24344	7.51035	8.48823	9.16956	9.54815	9.61879	9.37714	8.81954	7.94288	6.74453	5.22222	3.37405	1.19835	0	
21	8.4	0	1.91562	4.40024	6.47964	8.15552	9.4299	10.3052	10.7842	10.8705	10.5682	9.88229	8.81909	7.3862	5.59306	3.9858	2.56206	1.26558	0.101328	-0.927914	-1.82117	-2.57889	-3.20255	-3.69431	-4.05658	-4.29168	-4.40145	-4.38685	-4.24762	-3.98183	-3.58556	-3.05252	-2.3736	-1.53658	-0.525669	0.678817	2.10087	3.76917	5.64042	7.0528	8.16024	8.9574	9.43984	9.60388	9.44644	8.96497	8.15729	7.02159	5.55632	3.76018	1.63204	0	
22	8.8	0	2.30446	4.7431	6.77157	8.39093	9.60247	10.4077	10.8084	10.8069	10.4059	9.60859	8.41929	6.84317	4.95414	3.40226	1.97502	0.679141	-0.48117	-1.50387	-2.38866	-3.13664	-3.74991	-4.23116	-4.58335	-4.80929	-4.91125	-4.89059	-4.7474	-4.48009	-4.08503	-3.55613	-2.88451	-2.05809	-1.06121	0.125754	1.52676	3.17048	5.09071	6.67923	7.89197	8.7826	9.34828	9.58666	9.49584	9.0742	8.32044	7.23344	5.81228	4.05616	1.96441	0	
23	9.2	0	2.57956	4.98594	6.9783	8.5572	9.72331	10.4774	10.8205	10.7538	10.2787	9.397	8.11106	6.42378	4.53392	2.97551	1.54585	0.250969	-0.905613	-1.92246	-2.79985	-3.53944	-4.14379	-4.61608	-4.95968	-5.17775	-5.27292	-5.24684	-5.09985	-4.83056	-4.43551	-3.90876	-3.24151	-2.42171	-1.43373	-0.257894	1.12982	2.7582	4.66119	6.40966	7.70031	8.65946	9.2856	9.57754	9.5343	9.15509	8.43926	7.38628	5.99568	4.2671	2.20022	0	
24	9.6	0	2.74488	5.13313	7.1047	8.6598	9.79866	10.5216	10.8289	10.721	10.1984	9.26191	7.91223	6.1505	4.2669	2.7034	1.27196	-0.02199	-1.17547	-2.18757	-3.05904	-3.79193	-4.38924	-4.85446	-5.19128	-5.40313	-5.49285	-5.46229	-5.31192	-5.04046	-4.64452	-4.11815	-3.45256	-2.63563	-1.65162	-0.480724	0.90127	2.52338	4.41982	6.25811	7.59665	8.59727	9.25948	9.58293	9.5673	9.21238	8.51795	7.48388	6.11002	4.39628	2.34255	0	
25	10	0	2.80256	5.18703	7.15341	8.70168	9.83187	10.544	10.8379	10.7138	10.1716	9.21135	7.83296	6.03647	4.1496	2.58225	1.14949	-0.143753	-1.29493	-2.30351	-3.17064	-3.89868	-4.49089	-4.95102	-5.28295	-5.49026	-5.57592	-5.54185	-5.38854	-5.11473	-4.71696	-4.1892	-3.52253	-2.70466	-1.71963	-0.547395	0.836556	2.46158	4.36224	6.23302	7.58705	8.60045	9.27323	9.60538	9.5969	9.24779	8.55806	7.5277	6.15672	4.4451	2.39287	0	
26	10.4	0	2.75294	5.14803	7.12484	8.68335	9.82351	10.5453	10.8486	10.7334	10.1996	9.24701	7.87549	6.08478	4.17733	2.60745	1.17391	-0.118724	-1.26825	-2.27443	-3.13865	-3.8635	-4.4524	-4.90923	-5.23795	-5.44221	-5.52496	-5.4881	-5.33205	-5.05542	-4.6546	-4.12338	-3.45257	-2.62962	-1.63825	-0.458046	0.9359	2.57338	4.48947	6.33712	7.67235	8.66876	9.32599	9.64378	9.62192	9.26025	8.55864	7.51699	6.13523	4.41327	2.35108	0	
27	10.8	0	2.59457	5.01455	7.0173	8.60293	9.77154	10.5233	10.8583	10.7768	10.2789	9.36483	8.03489	6.28928	4.34481	2.77407	1.34067	0.0489005	-1.09925	-2.10373	-2.96607	-3.68895	-4.27587	-4.73072	-5.05745	-5.25964	-5.34014	-5.30069	-5.14156	-4.86112	-4.45548	-3.91814	-3.23955	-2.40679	-1.40313	-0.207709	1.20491	2.86507	4.80842	6.56663	7.84798	8.79739	9.41308	9.69372	9.63833	9.24614	8.51653	7.44903	6.04326	4.2989	2.21569	0	
28	11.2	0	2.32425	4.78316	6.82707	8.45636	9.67148	10.4729	10.8614	10.8374	10.402	9.55598	8.30047	6.63662	4.6467	3.0774	1.64568	0.355708	-0.790663	-1.79346	-2.65424	-3.37569	-3.96124	-4.41471	-4.73991	-4.94025	-5.01837	-4.97577	-4.81241	-4.52633	-4.11328	-3.56632	-2.87546	-2.02728	-1.00452	0.214274	1.65515	3.34912	5.33253	6.91045	8.10383	8.97717	9.52621	9.7478	9.63955	9.19964	8.42663	7.31939	5.87699	4.09871	1.98392	0	
29	11.6	0	1.93709	4.44859	6.54844	8.23744	9.51653	10.3868	10.8495	10.906	10.5582	9.80786	8.65728	7.10882	5.16488	3.51356	2.086	0.799664	-0.3436	-1.34379	-2.20237	-2.92192	-3.50573	-3.9574	-4.28051	-4.47819	-4.55277	-4.50537	-4.33556	-4.04094	-3.61677	-3.05558	-2.34684	-1.4765	-0.42665	0.824842	2.30475	4.04486	5.98159	7.3499	8.42436	9.19487	9.65395	9.79603	9.61683	9.11308	8.28219	7.12212	5.63122	3.80816	1.65184	0	
30	12	0	1.42649	4.00376	6.17379	7.93791	9.29767	10.2549	10.8116	10.9702	10.7336	10.1047	9.08726	7.68495	5.90162	4.0801	2.66035	1.38069	0.24308	-0.752335	-1.60685	-2.3228	-2.90321	-3.35139	-3.67056	-3.86347	-3.93201	-3.87685	-3.69703	-3.3896	-2.94922	-2.36782	-1.63416	-0.733493	0.352846	1.6478	3.17897	4.97901	6.65964	7.85987	8.78934	9.43372	9.78212	9.82621	9.55956	8.97716	8.07503	6.85003	5.29961	3.42168	1.21453	0	
31	12.4	0	0.784138	3.43977	5.69353	7.5474	9.00366	10.0649	10.7342	11.0151	10.9115	10.4279	9.56937	8.34139	6.74954	4.79916	3.36973	2.10126	0.973329	-0.0136618	-0.860712	-1.56983	-2.14367	-2.58512	-2.89694	-3.08138	-3.1398	-3.07229	-2.87727	-2.55113	-2.08784	-1.47856	-0.711288	0.229559	1.3635	2.71439	4.31077	6.16312	7.39946	8.41087	9.17505	9.67419	9.89429	9.82431	9.45559	8.78125	7.7958	6.49483	4.87477	2.93268	0.66615	0	
32	12.8	0	0	2.74587	5.09611	7.05344	8.62094	9.80218	10.6012	11.0228	11.0721	10.7554	10.0792	9.05093	7.67857	5.9703	4.21799	2.96697	1.8545	0.881359	0.0469405	-0.650323	-1.21259	-1.64223	-1.94145	-2.11188	-2.15424	-2.06793	-1.85063	-1.49798	-1.00312	-0.356379	0.455153	1.44799	2.64261	4.0639	5.74146	7.15159	8.16198	8.97131	9.55564	9.89482	9.97234	9.77481	9.29145	8.51354	7.43403	6.04721	4.34839	2.33372	0	0	
33	13.2	0	0	1.90945	4.36799	6.44139	8.13365	9.4493	10.3936	10.9724	11.1924	11.0615	10.588	9.78151	8.65268	7.21327	5.4768	3.98714	2.89795	1.94612	1.13155	0.453246	-0.0903781	-0.501053	-0.780303	-0.929059	-0.947274	-0.833546	-0.584737	-0.195584	0.341671	1.03767	1.90633	2.96519	4.23583	5.74425	7.19204	8.12831	8.90922	9.50923	9.90424	10.0729	9.99686	9.66096	9.05251	8.16114	6.9783	5.49696	3.7113	1.61651	0	0	
34	13.6	0	0	0.91608	3.4936	5.69445	7.52351	8.98638	10.0894	10.8398	11.2457	11.3164	11.0624	10.4954	9.62883	8.47811	7.06177	5.4036	4.11959	3.19884	2.41369	1.76378	1.24823	0.866053	0.616512	0.499498	0.515922	0.668092	0.960095	1.39818	1.99113	2.75066	3.6918	4.83323	6.19774	7.5464	8.36025	9.05321	9.60531	9.99326	10.1937	10.1848	9.94747	9.46494	8.72313	7.71019	6.41621	4.83293	2.95343	0.771937	0	0	
35	14	0	0	0	2.45545	4.79367	6.76997	8.39094	9.66405	10.5977	11.2016	11.4864	11.4645	11.1495	10.5575	9.70697	8.62047	7.32664	5.86391	4.66321	3.91963	3.31015	2.83474	2.49324	2.2858	2.21326	2.2775	2.48184	2.83142	3.33359	3.99827	4.83836	5.87009	7.11342	8.19547	8.86582	9.4337	9.88961	10.2164	10.3928	10.3968	10.2067	9.80299	9.16804	8.28667	7.14583	5.73443	4.04309	2.06386	0	0	0	
36	14.4	0	0	0	1.23421	3.71816	5.85031	7.6382	9.09035	10.2163	11.027	11.5345	11.7525	11.6965	11.3845	10.8372	10.0794	9.14229	8.06542	6.9008	5.71638	5.12782	4.7075	4.42176	4.27175	4.25936	4.38754	4.66074	5.08527	5.66968	6.42514	7.36582	8.47404	9.09836	9.61959	10.0457	10.3764	10.6028	10.7098	10.6779	10.4863	10.1141	9.54154	8.75068	7.72558	6.45228	4.9187	3.11449	1.03078	0	0	0	
37	14.8	0	0	0	0	2.44529	4.73996	6.70138	8.33897	9.66329	10.6862	11.4208	11.8821	12.0867	12.0536	11.8047	11.3658	10.7676	10.0483	9.25439	8.44306	7.68112	7.04128	6.70057	6.62652	6.69316	6.90464	7.26664	7.78674	8.4748	9.19217	9.746	10.2083	10.577	10.8563	11.049	11.1529	11.1592	11.0538	10.819	10.4351	9.88212	9.1406	8.19251	7.02145	5.61283	3.95383	2.03328	0	0	0	0	
38	15.2	0	0	0	0	0.951004	3.4129	5.55219	7.37906	8.90483	10.1421	11.1047	11.8082	12.2699	12.5092	12.5478	12.411	12.1279	11.7327	11.2654	10.7717	10.3023	9.90817	9.63535	9.51612	9.56161	9.75782	10.068	10.4415	10.8256	11.1768	11.4662	11.6793	11.8123	11.8655	11.8388	11.7284	11.5254	11.217	10.7866	10.2158	9.48564	8.57714	7.47245	6.15504	4.60993	2.82376	0.784748	0	0	0	0	
39	15.6	0	0	0	0	0	1.8421	4.16141	6.17893	7.90649	9.35709	10.545	11.486	12.1973	12.6979	13.0088	13.1535	13.1584	13.0529	12.87	12.6455	12.4165	12.2186	12.0818	12.0257	12.0558	12.1616	12.3191	12.4964	12.6606	12.7839	12.8476	12.8416	12.7623	12.6085	12.3787	12.0684	11.669	11.1685	10.5516	9.80121	8.89928	7.82768	6.56888	5.10646	3.42528	1.51166	0	0	0	0	0	
40	16	0	0	0	0	0	0	2.49942	4.70668	6.63389	8.29422	9.70195	10.8726	11.8228	12.5707	13.1358	13.5395	13.8045	13.9558	14.0195	14.023	13.9932	13.9545	13.9266	13.9215	13.9418	13.9804	14.0224	14.0483	14.0383	13.976	13.8503	13.6551	13.3882	13.0484	12.6338	12.1396	11.5581	10.8779	10.0852	9.16415	8.09766	6.86851	5.45977	3.85528	2.03996	0	0	0	0	0	0	
41	16.4	0	0	0	0	0	0	0.536781	2.93089	5.0535	6.91766	8.53735	9.92748	11.1039	12.0833	12.8835	13.5231	14.0216	14.3993	14.6767	14.8744	15.0115	15.1048	15.1672	15.2062	15.2233	15.2144	15.1706	15.0809	14.9347	14.7232	14.4408	14.0852	13.6556	13.1516	12.5713	11.9105	11.1622	10.3161	9.35961	8.27803	7.05558	5.67594	4.12289	2.38072	0.434594	0	0	0	0	0	0	
42	16.8	0	0	0	0	0	0	0	0.821146	3.13319	5.19359	7.01578	8.61383	10.0024	11.1968	12.2127	13.0661	13.7734	14.3506	14.8139	15.1782	15.4573	15.6626	15.8027	15.8826	15.9035	15.8634	15.7581	15.5823	15.3312	15.0016	14.5919	14.1026	13.5343	12.8875	12.1611	11.3516	10.4526	9.45508	8.34765	7.11693	5.74831	4.22649	2.53605	0.661896	0	0	0	0	0	0	0	
43	17.2	0	0	0	0	0	0	0	0	0.842721	3.09057	5.10472	6.89829	8.48467	9.87747	11.0904	12.137	13.0307	13.7844	14.4102	14.9192	15.3211	15.624	15.8335	15.9532	15.9847	15.9276	15.7808	15.543	15.2133	14.7921	14.2811	13.6823	12.9979	12.2294	11.3762	10.4356	9.40231	8.2684	7.02363	5.65592	4.15184	2.49715	0.677345	0	0	0	0	0	0	0	0	
44	17.6	0	0	0	0	0	0	0	0	0	0.579788	2.77484	4.75125	6.52108	8.09637	9.48889	10.7101	11.7707	12.681	13.4503	14.0865	14.5968	14.9866	15.2602	15.4204	15.4689	15.4069	15.2354	14.9555	14.5693	14.0795	13.4897	12.8034	12.0239	11.1533	10.192	9.13787	7.98665	6.73147	5.36329	3.87124	2.24306	0.465623	0	0	0	0	0	0	0	0	0	
45	18	0	0	0	0	0	0	0	0	0	0	0	2.14675	4.08629	5.82912	7.38534	8.76444	9.97522	11.0256	11.9227	12.6726	13.2802	13.7496	14.084	14.286	14.3578	14.3013	14.1191	13.8141	13.39	12.8512	12.2025	11.4483	10.5928	9.63868	8.58684	7.43609	6.18293	4.82152	3.34393	1.74046	0	0	0	0	0	0	0	0	0	0	0	
46	18.4	0	0	0	0	0	0	0	0	0	0	0	0	1.1586	3.05529	4.76094	6.28346	7.62998	8.80678	9.81926	10.672	11.3687	11.9126	12.3062	12.5521	12.6527	12.6108	12.4299	12.1141	11.668	11.0971	10.4068	9.60227	8.68809	7.66741	6.54168	5.31034	3.97065	2.51769	0.944563	0	0	0	0	0	0	0	0	0	0	0	0	
47	18.8	0	0	0	0	0	0	0	0	0	0	0	0	0	0	1.60038	3.2538	4.72395	6.01585	7.13371	8.08107	8.86088	9.4757	9.92792	10.22	10.3547	10.3355	10.1662	9.85164	9.39721	8.80871	8.09204	7.25272	6.29551	5.22389	4.03969	2.74286	1.33132	0	0	0	0	0	0	0	0	0	0	0	0	0	0	
48	19.2	0	0	0	0	0	0	0	0	0	0	0	0	0	0	0	0	1.24855	2.64635	3.86168	4.89737	5.75588	6.43946	6.95038	7.2912	7.46492	7.4752	7.32641	7.02363	6.57254	5.97914	5.24946	4.38912	3.40295	2.29459	1.06612	0	0	0	0	0	0	0	0	0	0	0	0	0	0	0	0	
49	19.6	0	0	0	0	0	0	0	0	0	0	0	0	0	0	0	0	0	0	0	1.11927	2.05338	2.80445	3.37474	3.76687	3.98403	4.03004	3.90947	3.62751	3.18989	2.60261	1.87163	1.0025	0	0	0	0	0	0	0	0	0	0	0	0	0	0	0	0	0	0	0	
50	20	0	0	0	0	0	0	0	0	0	0	0	0	0	0	0	0	0	0	0	0	0	0	0	0	0	0	0	0	0	0	0	0	0	0	0	0	0	0	0	0	0	0	0	0	0	0	0	0	0	0	0	
