100	100	100	100	100	100	100	100	100	100	100	100	100	100	100	100	100	100	100	100	100	100	100	100	100	100	100	100	100	100	100	100	100	100	100	100	100	100	100	100	100	100	100	100	100	100	100	100	100	100	100	100	100	100	100	100	100	100	100	100	100	100	100	100	100	100	100	100	100	100	100	100	100	100	100	100	100	100	100
100	100	100	100	100	100	100	100	100	100	100	100	100	100	100	100	100	100	100	100	100	100	100	100	100	100	100	100	100	100	100	100	100	102.318	120.653	133.577	142.65	148.649	152.003	152.938	151.543	147.788	141.51	132.362	119.692	102.181	100	100	100	100	100	100	100	100	100	100	100	100	100	100	100	100	100	100	100	100	100	100	100	100	100	100	100	100	100	100	100	100	100
100	100	100	100	100	100	100	100	100	100	100	100	100	100	100	100	100	100	100	100	100	100	100	100	100	100	100	100	100	117.896	144.975	165.084	181.94	199.414	173.811	161.843	152.221	145.129	140.738	139.16	140.414	144.416	150.995	159.934	171.01	194.935	177.471	160.957	141.679	116.348	100	100	100	100	100	100	100	100	100	100	100	100	100	100	100	100	100	100	100	100	100	100	100	100	100	100	100	100	100
100	100	100	100	100	100	100	100	100	100	100	100	100	100	100	100	100	100	100	100	100	100	100	100	100	100	121.242	155.363	191.11	186.621	149.466	123.891	97.9619	73.0331	71.6883	70.6643	69.9375	69.4886	69.3025	69.3681	69.678	70.2289	71.0211	72.0589	73.3506	74.909	98.2643	122.494	146.227	180.532	184.046	150.403	119.034	100	100	100	100	100	100	100	100	100	100	100	100	100	100	100	100	100	100	100	100	100	100	100	100	100	100
100	100	100	100	100	100	100	100	100	100	100	100	100	100	100	100	100	100	100	100	100	100	100	100	140.291	187.792	186.686	135.449	96.2383	71.4977	69.0522	67.0061	65.32	63.9601	62.8976	62.1079	61.5705	61.2682	61.1878	61.319	61.6552	62.1931	62.9326	63.8774	65.0346	66.4151	68.0338	69.9097	72.0664	74.5325	96.82	132.504	179.262	179.667	135.946	100	100	100	100	100	100	100	100	100	100	100	100	100	100	100	100	100	100	100	100	100	100	100	100
100	100	100	100	100	100	100	100	100	100	100	100	100	100	100	100	100	100	100	100	100	100	144.349	207.125	157.739	104.129	71.1889	67.8798	65.0511	62.6499	60.631	58.9555	57.5899	56.505	55.6756	55.08	54.6997	54.5194	54.5266	54.7119	55.069	55.5945	56.2882	57.1531	58.1954	59.4249	60.8545	62.5013	64.3859	66.5334	68.9733	71.7406	74.8761	103.922	152.177	196.724	139.274	100	100	100	100	100	100	100	100	100	100	100	100	100	100	100	100	100	100	100	100	100	100
100	100	100	100	100	100	100	100	100	100	100	100	100	100	100	100	100	100	100	100	134.772	207.225	152.346	86.4271	69.5355	65.7584	62.5088	59.7255	57.3569	55.3586	53.6924	52.3248	51.2267	50.3724	49.7393	49.3077	49.0605	48.9835	49.0648	49.2956	49.6695	50.1832	50.8362	51.631	52.5733	53.6717	54.9383	56.3882	58.0403	59.9167	62.044	64.4526	67.1783	70.2623	73.753	88.3879	146.889	196.152	130.472	100	100	100	100	100	100	100	100	100	100	100	100	100	100	100	100	100	100	100	100
100	100	100	100	100	100	100	100	100	100	100	100	100	100	100	100	100	100	107.874	188.077	172.152	88.8628	69.3498	65.0326	61.3043	58.093	55.3387	52.9903	51.0044	49.3432	47.9736	46.8664	45.9957	45.3384	44.8736	44.5831	44.4509	44.4631	44.6084	44.878	45.2657	45.7679	46.384	47.1161	47.9693	48.9519	50.075	51.3526	52.802	54.4437	56.3015	58.403	60.7797	63.4681	66.5099	69.9537	73.8559	90.579	164.364	178.255	106.769	100	100	100	100	100	100	100	100	100	100	100	100	100	100	100	100	100	100
100	100	100	100	100	100	100	100	100	100	100	100	100	100	100	100	100	141.873	211.754	110.529	70.628	65.673	61.3872	57.6838	54.4914	51.7501	49.4096	47.4269	45.7645	44.3898	43.2739	42.3907	41.7167	41.2305	40.9128	40.7462	40.715	40.8058	41.0074	41.3108	41.7098	42.2007	42.7825	43.4572	44.2297	45.1078	46.102	47.2258	48.4955	49.9301	51.5518	53.3856	55.4603	57.8083	60.4667	63.4777	66.8904	70.7615	75.158	109.389	199.614	136.533	100	100	100	100	100	100	100	100	100	100	100	100	100	100	100	100	100
100	100	100	100	100	100	100	100	100	100	100	100	100	100	100	100	179.459	171.545	73.4393	67.7147	62.7656	58.4848	54.7845	51.5929	48.8499	46.5052	44.5159	42.8451	41.4605	40.3334	39.4379	38.7506	38.2497	37.9151	37.7283	37.6723	37.7318	37.8933	38.1453	38.4787	38.8871	39.3664	39.9157	40.5368	41.2344	42.0162	42.8925	43.8764	44.9836	46.2323	47.6434	49.2402	51.0492	53.0998	55.4254	58.0635	61.0571	64.4556	68.3167	72.708	77.7099	163.377	170.033	100	100	100	100	100	100	100	100	100	100	100	100	100	100	100	100
100	100	100	100	100	100	100	100	100	100	100	100	100	100	100	202.659	134.982	71.2641	65.5078	60.5345	56.234	52.5167	49.3092	46.5506	44.1902	42.1849	40.498	39.0974	37.9549	37.045	36.3444	35.8314	35.4857	35.2879	35.22	35.2651	35.4076	35.6339	35.932	36.2925	36.7086	37.176	37.6937	38.2633	38.8899	39.5809	40.347	41.201	42.1585	43.2373	44.4573	45.8407	47.4123	49.1991	51.2316	53.5436	56.1733	59.1642	62.5666	66.4392	70.851	75.8843	130.745	190.818	100	100	100	100	100	100	100	100	100	100	100	100	100	100	100
100	100	100	100	100	100	100	100	100	100	100	100	100	102.336	216.383	103.127	69.7564	63.9318	58.9048	54.5608	50.8072	47.5681	44.7812	42.3945	40.3643	38.6538	37.2311	36.0682	35.1401	34.4241	33.8988	33.5439	33.34	33.2683	33.3108	33.4501	33.6705	33.9575	34.2987	34.6841	35.1063	35.561	36.047	36.5661	37.1234	37.727	38.3876	39.1185	39.9354	40.8558	41.8993	43.0874	44.4434	45.9927	47.7634	49.7861	52.0954	54.73	57.7343	61.1596	65.0659	69.5244	74.6199	102.866	203.097	101.982	100	100	100	100	100	100	100	100	100	100	100	100	100
100	100	100	100	100	100	100	100	100	100	100	100	104.606	218.027	81.8399	68.8574	62.9267	57.8159	53.4046	49.5956	46.3099	43.4825	41.0596	38.9966	37.2558	35.8052	34.6169	33.6665	32.9317	32.392	32.0275	31.8191	31.7479	31.795	31.9422	32.1717	32.4668	32.812	33.1943	33.6028	34.0297	34.4704	34.9236	35.3915	35.8797	36.3968	36.9542	37.5658	38.2477	39.0176	39.8951	40.9011	42.0582	43.3903	44.9235	46.6862	48.7095	51.0285	53.6826	56.7173	60.1853	64.1486	68.6808	73.8707	84.8311	204.498	103.912	100	100	100	100	100	100	100	100	100	100	100	100
100	100	100	100	100	100	100	100	100	100	100	102.322	217.535	75.611	68.5231	62.4459	57.2192	52.7153	48.8313	45.4836	42.6038	40.1358	38.0327	36.2559	34.7725	33.5547	32.5781	31.8212	31.2642	30.8881	30.6746	30.605	30.6608	30.8229	31.0723	31.3901	31.7585	32.161	32.5832	33.0134	33.4433	33.8679	34.2861	34.7007	35.118	35.5473	36.0012	36.4945	37.0439	37.6679	38.3861	39.2194	40.1896	41.3198	42.6345	44.1599	45.9246	47.9603	50.3025	52.9918	56.0748	59.6062	63.6506	68.2852	73.6033	79.7188	203.951	101.968	100	100	100	100	100	100	100	100	100	100	100
100	100	100	100	100	100	100	100	100	100	100	214.941	82.0226	68.7237	62.4549	57.0769	52.4525	48.4718	45.0457	42.1012	39.5788	37.4291	35.6114	34.0916	32.8412	31.8359	31.0543	30.4774	30.0875	29.867	29.7987	29.8643	30.0451	30.3213	30.6729	31.0796	31.5219	31.9818	32.4435	32.8942	33.3249	33.7305	34.1103	34.4677	34.8099	35.1479	35.4954	35.8685	36.2851	36.7645	37.3269	37.9931	38.7848	39.7241	40.8342	42.1398	43.6672	45.4452	47.506	49.8859	52.6267	55.777	59.3939	63.5454	68.313	73.796	85.008	201.486	100	100	100	100	100	100	100	100	100	100	100
100	100	100	100	100	100	100	100	100	100	200.545	102.998	69.443	62.9311	57.3611	52.5844	48.4825	44.959	41.936	39.3491	37.1459	35.2828	33.7239	32.4393	31.404	30.5967	29.9988	29.5935	29.3647	29.2963	29.3715	29.5725	29.8798	30.2726	30.7293	31.2277	31.7462	32.2649	32.7662	33.2361	33.6648	34.0473	34.3834	34.6775	34.9385	35.1789	35.4144	35.6627	35.9432	36.2763	36.683	37.1845	37.8022	38.5577	39.4733	40.572	41.8783	43.4184	45.2218	47.3211	49.754	52.5638	55.8017	59.5279	63.8146	68.7489	74.4373	102.708	188.438	100	100	100	100	100	100	100	100	100	100
100	100	100	100	100	100	100	100	100	177.159	133.971	70.6796	63.8644	58.0549	53.0886	48.836	45.1929	42.0744	39.4112	37.1463	35.2329	33.6323	32.3126	31.2476	30.4153	29.7971	29.3767	29.1393	29.0704	29.1549	29.3765	29.717	30.1561	30.6714	31.2391	31.8344	32.4333	33.0132	33.5545	34.0418	34.4647	34.8183	35.1033	35.3257	35.4965	35.6305	35.7454	35.8612	35.9992	36.1812	36.4293	36.7651	37.2101	37.7855	38.5126	39.4132	40.51	41.8273	43.3917	45.233	47.3852	49.8873	52.7851	56.1328	59.9945	64.4479	69.5868	75.5263	129.588	167.42	100	100	100	100	100	100	100	100	100
100	100	100	100	100	100	100	100	140.288	169.159	72.4477	65.2584	59.153	53.9523	49.5139	45.7236	42.4887	39.7337	37.3964	35.4259	33.7801	32.4246	31.3308	30.4756	29.8396	29.4068	29.1629	29.0948	29.1894	29.4324	29.8077	30.2964	30.8768	31.5243	32.2121	32.9124	33.5976	34.242	34.8239	35.326	35.7377	36.0544	36.2783	36.4178	36.4863	36.5015	36.4841	36.4567	36.4427	36.4657	36.5489	36.7148	36.985	37.3803	37.9214	38.6289	39.5239	40.6288	41.968	43.5686	45.4614	47.6817	50.271	53.2779	56.7602	60.7873	65.443	70.8296	77.073	160.597	134.731	100	100	100	100	100	100	100	100
100	100	100	100	100	100	100	107.485	207.52	74.7798	67.1316	60.6632	55.1744	50.5073	46.5358	43.158	40.291	37.8666	35.8291	34.1323	32.7384	31.6163	30.7407	30.0908	29.6499	29.4039	29.3406	29.4483	29.7152	30.1276	30.6691	31.3198	32.0558	32.8497	33.6708	34.4869	35.2663	35.9797	36.6022	37.1154	37.5081	37.777	37.9267	37.9683	37.9188	37.7996	37.6346	37.4497	37.2707	37.1233	37.0322	37.0206	37.1103	37.3222	37.6762	38.1917	38.8887	39.7877	40.9111	42.2837	43.9334	45.8923	48.1981	50.8947	54.0346	57.6802	61.907	66.8064	72.4908	79.0993	194.567	106.331	100	100	100	100	100	100	100
100	100	100	100	100	100	100	184.125	109.918	69.5202	62.608	56.7663	51.8185	47.6239	44.0698	41.0645	38.533	36.4139	34.6563	33.2185	32.0662	31.1713	30.5113	30.0676	29.8257	29.7733	29.9001	30.1958	30.6496	31.2481	31.9744	32.8069	33.7189	34.6787	35.6507	36.5972	37.481	38.2683	38.931	39.4492	39.8121	40.0186	40.0764	40.0009	39.8136	39.54	39.2084	38.8479	38.4873	38.1546	37.8759	37.6755	37.5756	37.597	37.7589	38.0801	38.579	39.2747	40.1879	41.3409	42.7594	44.4726	46.5146	48.9255	51.753	55.0539	58.8962	63.3626	68.5542	74.5953	108.616	173.442	100	100	100	100	100	100	100
100	100	100	100	100	100	132.869	168.638	72.4804	65.0271	58.7547	53.4629	48.9941	45.222	42.0448	39.3795	37.158	35.3243	33.8323	32.6438	31.7278	31.0589	30.6168	30.3852	30.3514	30.5051	30.8373	31.3394	32.0011	32.8093	33.7462	34.7877	35.9032	37.0554	38.2019	39.2977	40.2987	41.1655	41.8664	42.3805	42.6985	42.8227	42.7659	42.5489	42.1989	41.7465	41.2247	40.6662	40.1033	39.5661	39.0825	38.6779	38.3752	38.195	38.1562	38.2767	38.5738	39.0653	39.7699	40.7082	41.9034	43.3822	45.1758	47.3207	49.8603	52.8465	56.3413	60.4197	65.1732	70.7141	77.1818	159.937	128.154	100	100	100	100	100	100
100	100	100	100	100	100	201.796	89.5272	67.9799	61.1826	55.4709	50.6655	46.6243	43.2331	40.3995	38.0479	36.1162	34.5533	33.3169	32.3726	31.692	31.2522	31.0351	31.0265	31.2154	31.5931	32.1524	32.8858	33.7839	34.8336	36.0156	37.3026	38.6585	40.0384	41.3908	42.6607	43.795	44.7472	45.482	45.9782	46.23	46.2454	46.0443	45.6551	45.1117	44.4509	43.7103	42.9269	42.1359	41.3702	40.6596	40.0308	39.5073	39.1101	38.8577	38.7673	38.8552	39.1377	39.6321	40.3569	41.3334	42.5858	44.1425	46.0368	48.3086	51.005	54.1829	57.9109	62.2723	67.369	73.3273	91.3318	189.074	100	100	100	100	100	100
100	100	100	100	100	141.688	149.348	71.5491	64.113	57.8895	52.6726	48.3003	44.6436	41.5986	39.081	37.0216	35.3637	34.0607	33.074	32.3723	31.93	31.7267	31.7462	31.9762	32.4075	33.0332	33.8477	34.8449	36.0164	37.3489	38.8212	40.4018	42.0472	43.7022	45.3024	46.7794	48.0676	49.1115	49.8721	50.3299	50.4855	50.3564	49.9728	49.3731	48.5991	47.6941	46.7006	45.6594	44.609	43.5849	42.6193	41.7405	40.9731	40.3384	39.855	39.5393	39.4067	39.4722	39.7513	40.261	41.0203	42.0512	43.3794	45.0353	47.0553	49.4828	52.3697	55.779	59.787	64.4869	69.9938	76.4507	142.823	135.77	100	100	100	100	100
100	100	100	100	100	201.233	87.3342	67.6316	60.7854	55.0667	50.2888	46.3043	42.9955	40.2673	38.0423	36.2575	34.8609	33.81	33.07	32.6125	32.4148	32.4587	32.7302	33.2189	33.9176	34.8212	35.926	37.2275	38.7188	40.3866	42.2076	44.1449	46.1453	48.1393	50.0445	51.7731	53.242	54.3843	55.157	55.5458	55.5629	55.2412	54.6261	53.7684	52.7191	51.5276	50.2402	48.9014	47.5528	46.233	44.977	43.8154	42.7745	41.8763	41.1395	40.5799	40.2118	40.0489	40.105	40.3952	40.9364	41.7482	42.8538	44.2809	46.0626	48.2385	50.8564	53.9742	57.6621	62.0057	67.1105	73.1074	89.5406	188.389	100	100	100	100	100
100	100	100	100	137.698	154.28	71.8515	64.2476	57.9184	52.6457	48.259	44.6234	41.6308	39.1938	37.2417	35.7165	34.5711	33.7669	33.2728	33.0636	33.1191	33.4239	33.9663	34.738	35.7338	36.9509	38.3878	40.0428	41.9108	43.9792	46.2231	48.5993	51.0421	53.4622	55.7514	57.7936	59.4802	61.6719	62.7513	62.3329	61.1492	60.263	60.0946	58.921	57.5433	56.0149	54.3847	52.6993	51.0037	49.3409	47.7497	46.2641	44.9128	43.7188	42.701	41.8745	41.2525	40.847	40.6699	40.7341	41.0543	41.6477	42.535	43.7409	45.2953	47.2346	49.6026	52.4525	55.8492	59.8715	64.6169	70.2057	76.7889	147.038	132.209	100	100	100	100
100	100	100	100	182.661	103.791	68.3921	61.3205	55.4459	50.5684	46.5314	43.2105	40.5062	38.3381	36.6412	35.3628	34.4601	33.8988	33.6512	33.6955	34.0148	34.5963	35.4309	36.5129	37.8397	39.4112	41.2291	43.295	45.6073	48.1562	50.9161	53.8374	56.839	59.805	68.7083	77.0844	83.6476	83.5826	82.3525	80.9795	78.3401	72.8475	63.2762	59.4813	58.5704	61.2355	59.2022	57.1083	55.0036	52.9368	50.9534	49.0922	47.385	45.8563	44.5248	43.4047	42.5075	41.8429	41.4206	41.2511	41.3463	41.721	42.3929	43.3839	44.7209	46.4369	48.5719	51.1749	54.3059	58.0379	62.4611	67.687	73.8548	103.381	171.693	100	100	100	100
100	100	100	119.783	181.698	73.3679	65.3921	58.786	53.3119	48.7852	45.0611	42.0245	39.5835	37.664	36.2064	35.163	34.4955	34.1736	34.1737	34.4775	35.0716	35.9466	37.0963	38.5184	40.2131	42.1842	44.4374	46.9795	49.8148	52.9389	56.3289	59.9307	71.5683	91.3489	90.3264	89.062	88.8342	89.9788	91.3144	92.2207	92.6879	92.7092	91.6242	86.985	76.8391	52.95	58.6298	62.1925	59.5964	57.0469	54.5988	52.2982	50.1805	48.2716	46.5893	45.146	43.9502	43.009	42.329	41.9174	41.7835	41.9387	42.3979	43.18	44.3086	45.8134	47.7309	50.1062	52.9945	56.4639	60.5981	65.5008	71.3014	78.163	170.989	116.698	100	100	100
100	100	100	151.948	133.231	70.285	62.7889	56.5903	51.469	47.2536	43.8094	41.0296	38.8288	37.139	35.9057	35.086	34.6461	34.56	34.8083	35.377	36.2566	37.4414	38.9295	40.7219	42.8234	45.242	47.9893	51.0793	54.5255	58.3337	63.3056	88.9666	93.2044	88.2661	90.189	92.7858	94.9849	96.766	98.1129	99.0135	99.4598	99.4472	98.974	98.0413	96.6511	93.7475	77.9132	51.3096	64.0362	61.688	58.6845	55.8676	53.2764	50.9365	48.8634	47.0656	45.5477	44.3126	43.3627	42.7017	42.3351	42.2708	42.5205	43.0997	44.029	45.3344	47.0492	49.2145	51.8816	55.1136	58.9887	63.6038	69.0798	75.5687	128.604	144.511	100	100	100
100	100	100	186.012	96.3991	67.6092	60.5301	54.6879	49.8769	45.9372	42.7429	40.1943	38.2122	36.734	35.7101	35.1024	34.8818	35.0268	35.5226	36.3598	37.5337	39.0432	40.8911	43.0836	45.6303	48.5454	51.8477	55.5611	59.7122	67.4963	99.1657	89.2372	90.1543	93.5664	96.6124	99.2639	101.497	103.292	104.633	105.511	105.919	105.855	105.319	104.316	102.849	100.925	98.5504	92.5791	53.3646	63.8478	63.1875	59.7655	56.6314	53.8074	51.3033	49.1212	47.2595	45.7152	44.4857	43.5698	42.9687	42.6865	42.7311	43.1146	43.854	44.9721	46.4986	48.4712	50.9372	53.9554	57.599	61.9588	67.1484	73.3105	97.1723	174.455	100	100	100
100	100	116.739	181.968	73.4436	65.2894	58.5721	53.0405	48.5017	44.8052	41.8328	39.4914	37.7073	36.4228	35.5933	35.1852	35.1741	35.5435	36.2836	37.3901	38.8638	40.7094	42.9356	45.5546	48.5829	52.0418	55.9595	60.3721	68.4887	99.5716	88.1163	92.2872	96.1392	99.636	102.745	105.438	107.69	109.485	110.807	111.647	112.003	111.873	111.26	110.172	108.615	106.598	104.131	101.22	97.8699	61.2279	65.0562	63.9286	60.1815	56.8228	53.8515	51.2597	49.037	47.1727	45.6575	44.4847	43.6505	43.1545	43.0005	43.1968	43.757	44.7005	46.0536	47.8505	50.1348	52.9615	56.3992	60.5335	65.4715	71.348	78.3337	171.005	114.055	100	100
100	100	142.408	146.762	71.068	63.2834	56.8783	51.6162	47.3145	43.8312	41.0548	38.8976	37.2911	36.1824	35.5314	35.3091	35.496	36.0805	37.0584	38.4311	40.2057	42.3937	45.0112	48.078	51.619	55.6649	60.2548	66.2498	101.152	88.9678	93.5527	97.8385	101.785	105.354	108.514	111.235	113.495	115.276	116.566	117.358	117.649	117.442	116.743	115.561	113.905	111.787	109.218	106.209	102.767	98.8972	55.6587	67.4796	63.8366	59.9021	56.4368	53.4184	50.825	48.6362	46.8351	45.4082	44.3461	43.6435	43.3001	43.32	43.7133	44.496	45.691	47.3292	49.451	52.1077	55.3638	59.3004	64.0189	69.6473	76.3474	140.245	136.084	100	100
100	100	161.721	122.523	69.025	61.5558	55.4186	50.3883	46.2916	42.9935	40.3881	38.393	36.9442	35.9929	35.5037	35.4519	35.8227	36.61	37.815	39.4457	41.5164	44.0465	47.0608	50.5888	54.666	59.3347	64.647	93.1833	91.8573	93.8954	98.6026	102.991	107.02	110.65	113.849	116.588	118.844	120.602	121.85	122.583	122.803	122.512	121.721	120.44	118.681	116.458	113.785	110.675	107.137	103.179	95.5544	55.2957	67.4814	62.9478	58.9766	55.5272	52.5635	50.0543	47.9738	46.3013	45.0214	44.1237	43.603	43.4598	43.7003	44.3372	45.3903	46.8874	48.8658	51.3733	54.4711	58.2361	62.7651	68.1799	74.635	119.337	152.899	100	100
100	100	178.105	97.9175	67.2806	60.0782	54.168	49.335	45.4134	42.274	39.8161	37.9615	36.6503	35.8378	35.4924	35.5939	36.1323	37.1064	38.5235	40.3986	42.7536	45.6171	49.0242	53.0163	57.642	62.9583	77.3417	98.2844	93.2757	98.3839	103.201	107.68	111.779	115.459	118.686	121.432	123.676	125.402	126.601	127.271	127.415	127.038	126.153	124.773	122.912	120.586	117.811	114.601	110.969	106.924	102.471	81.9424	64.3997	65.8526	61.383	57.5132	54.1918	51.3759	49.0304	47.1273	45.6447	44.5672	43.8849	43.5943	43.6981	44.2058	45.1341	46.5081	48.362	50.741	53.703	57.3213	61.6887	66.9221	73.1697	98.476	167.268	100	100
100	102.195	195.302	74.3185	65.8071	58.8269	53.1065	48.4387	44.6641	41.6584	39.3252	37.59	36.3966	35.7036	35.4833	35.7193	36.4061	37.5477	39.1574	41.257	43.8769	47.0556	50.84	55.2857	60.4574	66.431	100.345	92.9476	97.1549	102.376	107.288	111.845	116.003	119.722	122.968	125.714	127.938	129.628	130.775	131.379	131.446	130.985	130.009	128.534	126.576	124.153	121.283	117.981	114.261	110.134	105.606	99.4156	54.9275	68.5102	63.5707	59.307	55.6527	52.5535	49.9654	47.8528	46.188	44.9501	44.125	43.7053	43.6904	44.0866	44.9082	46.1774	47.9261	50.1968	53.0447	56.5402	60.7727	65.8547	71.9294	79.1798	182.448	101.817	100
100	119.726	170.954	72.8777	64.5825	57.7835	52.218	47.6855	44.0314	41.1357	38.9053	37.269	36.1734	35.5805	35.4655	35.8158	36.6298	37.9164	39.6945	41.9929	44.8504	48.3159	52.4493	57.322	63.0183	77.3871	99.5488	94.9139	100.504	105.822	110.816	115.438	119.643	123.391	126.648	129.387	131.588	133.239	134.334	134.875	134.869	134.329	133.269	131.707	129.662	127.153	124.198	120.814	117.016	112.816	108.222	103.237	80.4769	64.359	65.4665	60.8491	56.8976	53.5474	50.746	48.451	46.6287	45.2535	44.3071	43.7787	43.6645	43.9684	44.7018	45.885	47.5475	49.7298	52.4849	55.8806	60.0033	64.9624	70.8967	77.9837	161.122	116.533	100
100	132.291	159.645	71.7144	63.5894	56.9334	51.4903	47.0648	43.5062	40.6977	38.5491	36.9916	35.9743	35.4617	35.4318	35.875	36.7933	38.1997	40.1184	42.5845	45.6448	49.3587	53.7991	59.0543	65.2307	89.0627	97.2314	97.6029	103.287	108.686	113.747	118.421	122.662	126.43	129.692	132.42	134.595	136.208	137.254	137.736	137.666	137.055	135.922	134.286	132.167	129.584	126.559	123.106	119.244	114.984	110.335	105.3	92.9045	61.3293	67.0164	62.0954	57.8906	54.3284	51.3486	48.9025	46.9511	45.4644	44.4204	43.8053	43.6124	43.8434	44.5078	45.6238	47.2192	49.3327	52.0154	55.3333	59.3704	64.2335	70.058	77.0172	151.304	127.251	100
100	141.266	150.538	70.8126	62.8148	56.2657	50.9142	46.5689	43.082	40.339	38.2518	36.7537	35.7955	35.3437	35.3785	35.8926	36.891	38.3903	40.4187	43.0171	46.2394	50.154	54.8464	60.4213	67.0075	101.218	95.1034	99.7189	105.478	110.941	116.054	120.767	125.034	128.815	132.076	134.79	136.941	138.519	139.522	139.955	139.829	139.161	137.969	136.274	134.096	131.457	128.377	124.873	120.961	116.654	111.963	106.889	100.055	56.9333	68.1896	63.0198	58.6105	54.8796	51.7599	49.197	47.1471	45.5764	44.4598	43.7806	43.5303	43.7084	44.3227	45.3902	46.9372	49.0009	51.6312	54.8924	58.8671	63.6597	69.4034	76.2682	143.414	134.971	100
100	147.344	143.837	70.161	62.2493	55.7726	50.4835	46.1928	42.7546	40.0563	38.0111	36.5535	35.6357	35.2256	35.3048	35.8679	36.9219	38.486	40.5919	43.2844	46.6231	50.6839	55.5624	61.3776	71.0168	102.955	95.1857	101.25	107.065	112.574	117.724	122.464	126.747	130.534	133.79	136.491	138.62	140.168	141.136	141.531	141.364	140.653	139.418	137.68	135.462	132.785	129.667	126.128	122.184	117.846	113.125	108.025	102.543	66.371	66.3744	63.6135	59.0507	55.1966	51.9774	49.3333	47.2166	45.59	44.4259	43.7056	43.4188	43.5636	44.1467	45.1839	46.7005	48.7329	51.3299	54.5548	58.4891	63.2358	68.9264	75.7287	137.617	140.219	100
100	150.893	139.734	69.7518	61.8867	55.4494	50.1943	45.9335	42.5221	39.8484	37.8263	36.391	35.4956	35.1085	35.2125	35.8031	36.8885	38.4895	40.64	43.3874	46.7948	50.9433	55.9351	61.899	74.6346	101.987	96.0907	102.198	108.049	113.587	118.759	123.513	127.803	131.588	134.837	137.525	139.636	141.162	142.106	142.474	142.28	141.543	140.283	138.522	136.281	133.584	130.448	126.892	122.931	118.578	113.842	108.727	103.229	73.1265	64.2564	63.881	59.2172	55.2863	52.0082	49.3186	47.1663	45.5115	44.3247	43.5855	43.2826	43.4131	43.9829	45.0073	46.5109	48.5296	51.1117	54.3199	58.2349	62.9593	68.6233	75.3938	134.072	143.286	100
100	152.099	138.374	69.5812	61.724	55.2938	50.045	45.79	42.384	39.7154	37.6982	36.2677	35.3772	34.9955	35.1052	35.7025	36.796	38.407	40.57	43.3337	46.7626	50.9396	55.9698	61.9862	75.9103	102.25	96.4463	102.575	108.442	113.991	119.169	123.925	128.212	131.991	135.231	137.906	140.004	141.516	142.446	142.801	142.596	141.849	140.581	138.815	136.571	133.872	130.735	127.18	123.219	118.866	114.128	109.009	103.505	74.4564	63.3506	63.8348	59.1245	55.1637	51.8672	49.1669	47.0093	45.3528	44.1666	43.4296	43.1297	43.2638	43.8374	44.8655	46.3726	48.3945	50.9791	54.1894	58.1056	62.8302	68.4933	75.2616	132.893	144.318	100
100	151.014	139.817	69.6488	61.7611	55.3059	50.0361	45.7631	42.3415	39.6588	37.6287	36.1861	35.2838	34.8902	34.9877	35.5719	36.6513	38.2467	40.3921	43.1356	46.541	50.6903	55.6873	61.663	74.7012	102.741	96.2756	102.403	108.266	113.809	118.978	123.723	127.998	131.765	134.993	137.657	139.746	141.252	142.177	142.532	142.33	141.59	140.331	138.577	136.348	133.664	130.544	127.005	123.06	118.72	113.993	108.88	103.377	72.3797	63.6667	63.4917	58.7929	54.8499	51.5746	48.8971	46.7626	45.1291	43.9652	43.2498	42.9708	43.125	43.7183	44.7655	46.2917	48.3326	50.9366	54.1668	58.104	62.8509	68.5382	75.3332	134.124	143.357	100
100	147.57	144.02	69.9575	62.0005	55.4879	50.1696	45.8549	42.3966	39.681	37.6206	36.1492	35.2188	34.7968	34.8648	35.4174	36.4619	38.0178	40.1176	42.8074	46.1484	50.2191	55.1185	60.9708	70.9747	104.921	95.6102	101.715	107.555	113.073	118.217	122.938	127.192	130.94	134.152	136.806	138.888	140.393	141.324	141.69	141.503	140.783	139.55	137.823	135.624	132.971	129.883	126.374	122.458	118.144	113.438	108.341	102.845	64.0076	65.4684	62.8706	58.2454	54.3687	51.1534	48.5305	46.4458	44.858	43.7363	43.0602	42.8182	43.0078	43.6352	44.716	46.2757	48.3508	50.9902	54.2577	58.235	63.0257	68.7619	75.6123	137.73	140.35	100
100	141.567	150.855	70.5136	62.4476	55.8445	50.4498	46.0692	42.553	39.7854	37.6772	36.1605	35.186	34.7196	34.7414	35.2446	36.2346	37.7288	39.7574	42.3632	45.6033	49.5509	54.2978	59.9582	66.6744	105.051	96.1245	100.549	106.344	111.819	116.923	121.607	125.828	129.549	132.741	135.382	137.46	138.968	139.911	140.295	140.134	139.446	138.249	136.563	134.407	131.798	128.755	125.289	121.413	117.135	112.459	107.383	100.309	50.8951	67.3071	61.9937	57.5066	53.7449	50.6274	48.0892	46.079	44.5575	43.496	42.8752	42.6849	42.9236	43.5986	44.7263	46.3333	48.457	51.1472	54.4689	58.505	63.3609	69.1704	76.105	143.602	135.138	100
100	132.611	160.142	71.3271	63.1105	56.3826	50.8824	46.411	42.8151	39.9761	37.8022	36.2237	35.189	34.6623	34.6218	35.0583	35.9751	37.3869	39.3204	41.8147	44.9217	48.708	53.2568	58.671	65.0776	93.3417	100.064	98.9456	104.677	110.09	115.136	119.768	123.944	127.629	130.794	133.418	135.489	137.002	137.958	138.366	138.238	137.589	136.438	134.801	132.698	130.144	127.154	123.741	119.914	115.679	111.039	105.988	91.9969	55.3825	65.9444	60.8883	56.6026	53.0031	50.0195	47.5941	45.6812	44.2451	43.2601	42.7091	42.5837	42.8842	43.6192	44.8064	46.4737	48.6597	51.4158	54.8083	58.922	63.8644	69.7721	76.8199	151.587	127.421	100
100	119.981	171.69	72.4118	64.0007	57.1115	51.4753	46.887	43.1886	40.2579	38	36.3425	35.2314	34.6284	34.5093	34.8623	35.6877	36.997	38.8133	41.1706	44.1154	47.7069	52.0192	57.1438	63.1932	81.0189	106.073	96.9489	102.595	107.928	112.899	117.463	121.58	125.216	128.344	130.944	133.003	134.517	135.487	135.919	135.825	135.22	134.118	132.537	130.493	128	125.07	121.715	117.943	113.756	109.154	104.128	75.5875	60.0039	64.3085	59.5873	55.5608	52.167	49.3505	47.0642	45.2695	43.9363	43.0427	42.5748	42.5268	42.9008	43.7075	44.9663	46.7064	48.9683	51.8051	55.285	59.4952	64.5457	70.5769	77.7681	161.515	116.658	100
100	102.231	196.494	73.7859	65.1329	58.0436	52.2388	47.5057	43.6808	40.637	38.2758	36.5216	35.3171	34.6214	34.4071	34.6595	35.3756	36.5631	38.2404	40.4368	43.1923	46.5587	50.6008	55.3988	61.0516	67.6835	113.779	96.615	100.142	105.373	110.25	114.728	118.771	122.344	125.422	127.987	130.026	131.534	132.512	132.965	132.903	132.34	131.289	129.764	127.78	125.35	122.483	119.189	115.473	111.334	106.768	99.8609	30.0394	67.4178	62.4546	58.1287	54.4093	51.2588	48.6392	46.5156	44.8585	43.6443	42.8561	42.4839	42.5249	42.9838	43.8735	45.2155	47.041	49.3924	52.3248	55.9091	60.235	65.4161	71.5971	78.963	183.022	101.833	100
100	100	179.304	97.8055	66.5261	59.1945	53.1857	48.2779	44.3005	41.1208	38.6358	36.7659	35.4505	34.6448	34.3184	34.453	35.0416	36.0879	37.6053	39.6176	42.1581	45.2708	49.0111	53.4481	58.6676	64.7786	85.9004	111.037	97.3548	102.464	107.227	111.6	115.549	119.043	122.056	124.572	126.577	128.068	129.044	129.509	129.474	128.947	127.941	126.47	124.544	122.175	119.369	116.134	112.47	108.374	103.837	72.3224	56.1945	64.8479	60.4434	56.5528	53.1761	50.2992	47.9017	45.962	44.4602	43.3801	42.7107	42.4462	42.5876	43.1425	44.1265	45.5635	47.487	49.9417	52.9853	56.6914	61.1533	66.4886	72.8471	98.4517	167.78	100	100
100	100	162.84	122.874	68.2042	60.5836	54.3323	49.2171	45.059	41.7187	39.0879	37.0822	35.6369	34.7035	34.2473	34.2463	34.6892	35.5749	36.9118	38.7174	41.0183	43.8501	47.2588	51.3019	56.0516	61.6004	68.0699	113.923	100.216	99.2343	103.86	108.108	111.943	115.337	118.267	120.716	122.672	124.13	125.091	125.556	125.534	125.034	124.066	122.639	120.765	118.449	115.698	112.514	108.894	104.829	94.3035	4.62124	66.3528	62.1695	58.3339	54.8987	51.8877	49.307	47.1522	45.4145	44.0841	43.1525	42.6146	42.4699	42.7231	43.3854	44.4753	46.0194	48.054	50.6265	53.7976	57.6441	62.2633	67.7779	74.3438	119.496	153.312	100	100
100	100	143.314	147.625	70.1966	62.2352	55.6986	50.34	45.9703	42.4426	39.642	37.4789	35.8837	34.8035	34.1993	34.0446	34.3233	35.0295	36.1657	37.7433	39.7813	42.3071	45.3566	48.9753	53.221	58.1677	63.9122	72.3685	131.222	95.7089	100.175	104.274	107.974	111.247	114.072	116.434	118.321	119.728	120.655	121.104	121.081	120.593	119.648	118.254	116.417	114.143	111.434	108.286	104.692	100.638	0	64.8574	62.9706	59.4564	56.178	53.2021	50.5687	48.2992	46.4031	44.8829	43.7383	42.9686	42.5749	42.5619	42.9387	43.7202	44.9281	46.5923	48.7521	51.4578	54.7737	58.7806	63.5802	69.3011	76.1068	140.556	136.363	100	100
100	100	117.171	183.649	72.5398	64.1793	57.3095	51.6675	47.0522	43.3073	40.3109	37.9669	36.2004	34.9534	34.1822	33.8553	33.9516	34.4597	35.3763	36.706	38.4605	40.6584	43.3252	46.4944	50.2085	54.5219	59.5046	65.2472	79.1097	132.619	96.1898	100.116	103.655	106.784	109.481	111.732	113.528	114.863	115.735	116.148	116.104	115.609	114.669	113.289	111.473	109.222	106.532	103.397	99.8026	0	57.811	62.6122	59.6605	56.7637	54.0177	51.4937	49.2409	47.2915	45.6657	44.3758	43.4299	42.8349	42.5979	42.7288	43.2414	44.1545	45.4935	47.2916	49.5915	52.4472	55.9269	60.1158	65.121	71.0781	78.1591	171.461	114.159	100	100
100	100	100	188.013	96.1766	66.4528	59.1957	53.2254	48.3264	44.3317	41.1107	38.5604	36.5996	35.1647	34.2068	33.6891	33.585	33.8775	34.5572	35.6218	37.0755	38.9281	41.195	43.8977	47.0635	50.7277	54.9341	59.7372	65.2	78.9078	137.784	103.548	98.9933	101.952	104.496	106.612	108.292	109.53	110.325	110.677	110.589	110.064	109.105	107.715	105.894	103.637	100.936	89.7397	0	54.9215	61.0401	58.7982	56.4631	54.1306	51.8864	49.7999	47.9244	46.2988	44.9512	43.9018	43.1662	42.7578	42.6897	42.9771	43.6382	44.6962	46.1802	48.1273	50.5838	53.608	57.2722	61.6669	66.9057	73.1318	97.181	174.835	100	100	100
100	100	100	153.39	134.036	69.1012	61.3951	55.0456	49.8202	45.5393	42.0621	39.2776	37.0978	35.4527	34.2878	33.5604	33.2386	33.2992	33.7267	34.5121	35.652	37.1478	39.0053	41.2346	43.8492	46.8669	50.3092	54.2003	58.5634	63.4123	70.831	122.509	120.049	99.6988	99.1102	101.066	102.603	103.718	104.407	104.671	104.511	103.927	102.92	101.487	99.6239	94.5243	54.4537	0	57.5177	58.3778	56.8686	55.1891	53.4029	51.5856	49.8109	48.1437	46.6378	45.3358	44.2712	43.4704	42.9551	42.7446	42.8576	43.3142	44.1372	45.3542	46.9984	49.1109	51.7422	54.955	58.8267	63.4539	68.9573	75.4895	128.757	144.671	100	100	100
100	100	100	120.443	183.883	72.1801	63.954	57.1672	51.5671	46.959	43.1906	40.1415	37.7157	35.8368	34.4436	33.4878	32.9314	32.7453	32.9078	33.4032	34.2211	35.355	36.8021	38.5619	40.6365	43.0291	45.7437	48.7824	52.142	55.8058	59.7314	63.832	87.4357	124.954	113.289	103.698	98.1265	97.3974	97.9512	98.0954	97.8287	97.1491	94.3289	83.3234	57.599	0	31.0698	55.556	54.8425	53.9931	52.9711	51.7908	50.4975	49.151	47.8142	46.5464	45.3996	44.418	43.6387	43.0925	42.8062	42.8042	43.1101	43.7489	44.748	46.1391	47.9599	50.2558	53.0819	56.5059	60.6109	65.5002	71.3032	78.183	171.131	116.728	100	100	100
100	100	100	100	185.157	103.774	66.9296	59.6386	53.6085	48.627	44.528	41.1803	38.4794	36.3411	34.6976	33.4941	32.6868	32.2406	32.1275	32.3258	32.8182	33.5913	34.6344	35.939	37.4972	39.3017	41.3438	43.6117	46.0869	48.739	51.5176	54.3423	57.0932	59.6064	77.6868	92.1154	101.76	96.1337	89.1586	82.9794	74.5805	58.9011	25.7091	19.6774	32.8021	51.2254	50.9012	50.6526	50.3537	49.9273	49.3436	48.6107	47.7625	46.8469	45.9179	45.0286	44.2286	43.5622	43.0683	42.7811	42.7312	42.9475	43.4581	44.2924	45.4822	47.0636	49.0789	51.5781	54.6212	58.2814	62.6485	67.8336	73.9758	103.455	171.648	100	100	100	100
100	100	100	100	139.094	155.996	70.3919	62.5186	55.995	50.587	46.1129	42.4291	39.4208	36.9954	35.078	33.6072	32.5328	31.8139	31.4167	31.3134	31.4808	31.8993	32.552	33.4233	34.4985	35.7627	37.1994	38.7892	40.507	42.3192	44.1793	46.0229	47.7656	49.303	50.5199	51.3078	51.5912	54.2178	54.2438	50.902	46.57	44.8085	46.602	46.0733	45.8489	45.8566	45.99	46.1411	46.223	46.1803	45.9908	45.66	45.2145	44.6935	44.1432	43.6116	43.1449	42.7868	42.5768	42.5514	42.7445	43.1883	43.9152	44.9585	46.3545	48.1437	50.373	53.0971	56.3819	60.3066	64.9684	70.4873	77.0139	146.952	132.085	100	100	100	100
100	100	100	100	100	204.688	86.5559	65.8799	58.7883	52.893	47.993	43.9302	40.5783	37.8356	35.6187	33.8596	32.5017	31.498	30.8092	30.4019	30.2477	30.3218	30.6018	31.0673	31.6986	32.4761	33.3793	34.3856	35.4692	36.5993	37.7382	38.8402	39.851	40.7112	41.362	41.7572	41.8758	41.7348	41.3945	40.9526	40.5256	40.2226	40.1188	40.2398	40.5611	41.0207	41.5398	42.0406	42.461	42.7607	42.9232	42.953	42.8713	42.7111	42.5122	42.3174	42.17	42.1119	42.1832	42.4215	42.8631	43.5434	44.4981	45.7645	47.3831	49.3988	51.8633	54.8368	58.3908	62.6117	67.6051	73.5014	89.7523	187.901	100	100	100	100	100
100	100	100	100	100	143.485	151.184	69.8117	62.0645	55.6104	50.2258	45.7351	41.9988	38.9045	36.36	34.2897	32.6306	31.3296	30.3419	29.6292	29.1583	28.8998	28.8273	28.9168	29.1454	29.4909	29.9312	30.4438	31.0052	31.5899	32.1707	32.7184	33.203	33.5961	33.8758	34.0322	34.0738	34.0316	33.9582	33.9203	33.9862	34.2094	34.6163	35.2003	35.9255	36.7362	37.5694	38.3662	39.0799	39.68	40.154	40.5055	40.7519	40.921	41.0472	41.169	41.3266	41.5601	41.9092	42.4124	43.1077	44.0331	45.2274	46.7317	48.5904	50.853	53.5761	56.8257	60.6801	65.2333	70.6005	76.9242	142.523	135.41	100	100	100	100	100
100	100	100	100	100	100	205.886	88.7317	65.9165	58.8194	52.8812	47.9059	43.7382	40.2533	37.3493	34.9422	32.9619	31.3496	30.055	29.0349	28.2519	27.6728	27.2682	27.0111	26.8767	26.8418	26.8845	26.9837	27.1193	27.2723	27.4248	27.5611	27.669	27.7413	27.7789	27.793	27.8072	27.8565	27.9843	28.2348	28.6438	29.2304	29.9919	30.9034	31.9237	33.0016	34.0849	35.1264	36.0892	36.9494	37.6966	38.3338	38.8752	39.3444	39.7713	40.1905	40.6392	41.1557	41.779	42.5481	43.5022	44.6816	46.128	47.8858	50.0035	52.5353	55.5432	59.0992	63.289	68.2156	74.0052	91.6415	188.097	100	100	100	100	100	100
100	100	100	100	100	100	134.594	171.661	70.4596	62.618	56.0445	50.5178	45.8638	41.9431	38.6426	35.8689	33.5447	31.6044	29.9925	28.6613	27.5691	26.6798	25.9609	25.3837	24.9222	24.5528	24.2545	24.0083	23.7978	23.6095	23.4336	23.2646	23.1025	22.9542	22.8347	22.7668	22.781	22.9118	23.1933	23.6522	24.3025	25.1413	26.1487	27.2907	28.5243	29.803	31.0822	32.3229	33.4947	34.5778	35.5635	36.4538	37.2603	38.003	38.7082	39.4071	40.134	40.9256	41.8199	42.8561	44.0746	45.5176	47.2294	49.2578	51.6555	54.4814	57.8032	61.6999	66.2653	71.6127	77.8813	159.151	127.687	100	100	100	100	100	100
100	100	100	100	100	100	100	188.272	110.232	67.1274	59.8199	53.662	48.4566	44.0468	40.3062	37.1311	34.4353	32.1466	30.2038	28.5544	27.1529	25.96	24.941	24.0654	23.3065	22.6407	22.0478	21.511	21.017	20.557	20.1269	19.7286	19.3708	19.0695	18.8478	18.7354	18.765	18.9682	19.37	19.9833	20.8062	21.8217	23.0002	24.3038	25.6909	27.1195	28.551	29.9527	31.2988	32.5726	33.7662	34.8809	35.9261	36.919	37.8827	38.8455	39.8393	40.8991	42.0622	43.3678	44.8573	46.5746	48.5668	50.8849	53.5859	56.734	60.403	64.6796	69.667	75.4905	108.645	172.231	100	100	100	100	100	100	100
100	100	100	100	100	100	100	108.002	213.053	72.4984	64.336	57.45	51.6146	46.652	42.4193	38.8005	35.6998	33.0372	30.7451	28.766	27.0506	25.5562	24.2459	23.0876	22.0537	21.1206	20.2687	19.4829	18.7521	18.0709	17.4394	16.8646	16.3609	15.9503	15.6615	15.5276	15.5815	15.8505	16.3504	17.0823	18.0321	19.1735	20.4722	21.8898	23.3874	24.9279	26.4783	28.0104	29.5025	30.94	32.3159	33.6306	34.8922	36.1154	37.3209	38.5344	39.786	41.1092	42.5404	44.1193	45.888	47.8924	50.182	52.8116	55.8427	59.345	63.3994	68.1013	73.5649	79.9294	192.906	106.182	100	100	100	100	100	100	100
100	100	100	100	100	100	100	100	142.971	173.186	69.7528	62.0191	55.4578	49.8644	45.0766	40.963	37.4163	34.3475	31.6817	29.356	27.3163	25.5168	23.9178	22.4855	21.1912	20.0109	18.9252	17.9196	16.9848	16.1173	15.3198	14.6029	13.9849	13.4923	13.1576	13.0163	13.1001	13.4307	14.0145	14.8413	15.8875	17.1209	18.5053	20.0041	21.5822	23.2076	24.8518	26.4912	28.1072	29.687	31.2244	32.7197	34.1797	35.6173	37.0513	38.5056	40.0085	41.5926	43.2938	45.1521	47.2107	49.5173	52.1245	55.091	58.483	62.3768	66.8614	72.042	78.0458	159.473	133.952	100	100	100	100	100	100	100	100
100	100	100	100	100	100	100	100	100	182.247	136.188	67.5406	60.1338	53.8137	48.3928	43.7214	39.6777	36.1619	33.0907	30.3943	28.0138	25.8989	24.0073	22.3026	20.7548	19.3387	18.0347	16.8284	15.7107	14.6792	13.7382	12.9004	12.1871	11.6283	11.2601	11.1194	11.2363	11.6254	12.2826	13.1874	14.3084	15.6099	17.0561	18.6136	20.2517	21.943	23.6637	25.3936	27.1171	28.8233	30.5068	32.168	33.8128	35.4531	37.1063	38.7948	40.5461	42.3917	44.3677	46.5144	48.8767	51.5044	54.4534	57.7866	61.5762	65.9056	70.873	76.5958	129.114	166.002	100	100	100	100	100	100	100	100	100
100	100	100	100	100	100	100	100	100	100	207.569	102.925	65.8275	58.6598	52.5086	47.2005	42.596	38.5817	35.0639	31.9647	29.2188	26.7713	24.5758	22.5934	20.7915	19.1437	17.6291	16.2325	14.9448	13.7633	12.693	11.7477	10.9508	10.3353	9.94032	9.80411	9.95347	10.3951	11.1143	12.0808	13.2578	14.6084	16.0988	17.699	19.3829	21.1275	22.9127	24.7219	26.5419	28.3637	30.1828	31.9998	33.8206	35.6563	37.5235	39.4439	41.4442	43.5558	45.815	48.2633	50.9472	53.9194	57.2394	60.9754	65.2061	70.0238	75.5375	102.919	186.692	100	100	100	100	100	100	100	100	100	100
100	100	100	100	100	100	100	100	100	100	100	223.666	79.558	64.6038	57.5986	51.554	46.3079	41.7294	37.712	34.1675	31.0229	28.217	25.6989	23.4259	21.3626	19.4802	17.7563	16.1743	14.7239	13.4019	12.2128	11.1708	10.3004	9.63603	9.21866	9.08612	9.2609	9.74151	10.504	11.5114	12.7242	14.1058	15.6252	17.256	18.9757	20.7651	22.6076	24.4893	26.3994	28.3304	30.2791	32.2467	34.2392	36.2676	38.3481	40.5023	42.7567	45.1431	47.6987	50.4664	53.4951	56.8408	60.5678	64.7505	69.4754	74.8452	85.7178	199.703	100	100	100	100	100	100	100	100	100	100	100
100	100	100	100	100	100	100	100	100	100	100	102.595	227.401	71.9028	63.8834	56.974	50.9825	45.7556	41.17	37.1246	33.5364	30.3367	27.4684	24.884	22.5446	20.4184	18.4806	16.7129	15.1034	13.6477	12.3495	11.2221	10.2893	9.58493	9.14808	9.01322	9.19742	9.69302	10.4711	11.4925	12.7175	14.1113	15.6454	17.2962	19.0443	20.8733	22.769	24.72	26.7174	28.7555	30.8322	32.9496	35.114	37.337	39.6351	42.0298	44.5485	47.2238	50.0943	53.2051	56.6083	60.3642	64.5429	69.2261	74.5104	80.511	202.477	101.929	100	100	100	100	100	100	100	100	100	100	100
100	100	100	100	100	100	100	100	100	100	100	100	105.171	229.034	78.8621	63.7051	56.8328	50.848	45.6049	40.9858	36.8948	33.2531	29.9959	27.0697	24.4308	22.0438	19.8809	17.9213	16.1513	14.5649	13.1642	11.9604	10.9746	10.2365	9.77933	9.63065	9.80189	10.2827	11.0446	12.0505	13.2633	14.6506	16.186	17.8479	19.6187	21.4839	23.4314	25.4515	27.537	29.6838	31.8909	34.1614	36.5028	38.9273	41.452	44.0996	46.8984	49.8827	53.0934	56.5785	60.3944	64.6068	69.2929	74.5439	85.4159	203.529	103.847	100	100	100	100	100	100	100	100	100	100	100	100
100	100	100	100	100	100	100	100	100	100	100	100	100	102.641	228.479	103.29	64.1329	57.2455	51.2274	45.9384	41.2656	37.1172	33.4182	30.1073	27.1345	24.4596	22.0509	19.8846	17.9445	16.2221	14.7169	13.4369	12.3984	11.6238	11.1378	10.9597	11.0955	11.535	12.2535	13.2192	14.3992	15.7643	17.2898	18.9556	20.7453	22.6455	24.6456	26.7372	28.9146	31.175	33.5188	35.9505	38.4787	41.1167	43.883	46.8019	49.9034	53.2243	56.8087	60.7087	64.9861	69.7136	74.9777	103.279	202.814	101.955	100	100	100	100	100	100	100	100	100	100	100	100	100
100	100	100	100	100	100	100	100	100	100	100	100	100	100	100	214.7	139.558	65.2588	58.3083	52.2211	46.8611	42.119	37.9063	34.1511	30.7953	27.792	25.1045	22.7046	20.5726	18.6965	17.072	15.7023	14.5972	13.7713	13.2398	13.014	13.0956	13.4752	14.1327	15.0422	16.176	17.5082	19.0164	20.6817	22.4887	24.4249	26.4807	28.6489	30.9251	33.3077	35.7989	38.4043	41.1343	44.0038	47.0333	50.2491	53.6842	57.3786	61.3806	65.7481	70.5497	75.8676	131.432	191.327	100	100	100	100	100	100	100	100	100	100	100	100	100	100	100
100	100	100	100	100	100	100	100	100	100	100	100	100	100	100	100	190.137	181.333	67.2054	60.1458	53.9561	48.5026	43.6784	39.3971	35.5896	32.2001	29.1846	26.5093	24.1491	22.0871	20.3139	18.8269	17.6288	16.7262	16.1259	15.8323	15.8436	16.1507	16.7373	17.5824	18.6632	19.9574	21.4451	23.1088	24.9344	26.9103	29.0277	31.2806	33.6658	36.1834	38.837	41.6342	44.5871	47.7131	51.0352	54.5827	58.3923	62.5087	66.986	71.8892	77.2967	165.043	171.153	100	100	100	100	100	100	100	100	100	100	100	100	100	100	100	100
100	100	100	100	100	100	100	100	100	100	100	100	100	100	100	100	100	148.551	227.88	112.289	62.9157	56.5897	51.02	46.1008	41.7471	37.8909	34.4785	31.4676	28.8261	26.5307	24.5655	22.921	21.593	20.5802	19.8825	19.4984	19.423	19.6467	20.1555	20.9321	21.9575	23.2129	24.6806	26.3452	28.1938	30.2159	32.404	34.7533	37.2621	39.9322	42.769	45.7823	48.9869	52.403	56.057	59.9824	64.2208	68.8231	73.8513	110.37	203.155	137.549	100	100	100	100	100	100	100	100	100	100	100	100	100	100	100	100	100
100	100	100	100	100	100	100	100	100	100	100	100	100	100	100	100	100	100	109.431	202.539	184.433	85.8025	60.3154	54.6038	49.5738	45.1405	41.2361	37.8071	34.8119	32.2185	30.0032	28.1491	26.6444	25.4807	24.6514	24.15	23.9683	24.0957	24.5192	25.2236	26.1927	27.4103	28.8613	30.532	32.4111	34.4897	36.7615	39.2234	41.8755	44.7215	47.7693	51.0316	54.5262	58.2771	62.3154	66.68	71.4193	90.1837	168.52	182.2	107.074	100	100	100	100	100	100	100	100	100	100	100	100	100	100	100	100	100	100
100	100	100	100	100	100	100	100	100	100	100	100	100	100	100	100	100	100	100	100	141.724	226.403	162.708	82.299	59.4874	54.3243	49.7977	45.8385	42.3919	39.4149	36.8742	34.7439	33.0042	31.6395	30.637	29.985	29.6719	29.6855	30.0125	30.6387	31.5497	32.7313	34.1701	35.8545	37.7748	39.9237	42.297	44.8934	47.7151	50.7685	54.0646	57.6195	61.4553	65.601	70.0937	87.2863	151.555	203.358	132.583	100	100	100	100	100	100	100	100	100	100	100	100	100	100	100	100	100	100	100	100
100	100	100	100	100	100	100	100	100	100	100	100	100	100	100	100	100	100	100	100	100	100	153.983	228.408	170.292	104.838	60.6348	55.991	51.9605	48.4855	45.52	43.0273	40.9782	39.3492	38.1205	37.275	36.7973	36.6725	36.8862	37.4241	38.2726	39.4186	40.8503	42.5579	44.5333	46.7714	49.2698	52.0298	55.0565	58.3596	61.9539	65.8602	70.1062	104.852	158.864	206.674	143.144	100	100	100	100	100	100	100	100	100	100	100	100	100	100	100	100	100	100	100	100	100	100
100	100	100	100	100	100	100	100	100	100	100	100	100	100	100	100	100	100	100	100	100	100	100	100	150.115	207.526	206.411	144.364	94.5902	59.9408	56.4156	53.445	50.988	49.0111	47.4865	46.3905	45.7028	45.4049	45.4803	45.9135	46.6908	47.7997	49.2295	50.9716	53.02	55.3716	58.0268	60.9898	64.2693	67.8793	96.2991	138.434	191.032	190.438	140.752	100	100	100	100	100	100	100	100	100	100	100	100	100	100	100	100	100	100	100	100	100	100	100	100
100	100	100	100	100	100	100	100	100	100	100	100	100	100	100	100	100	100	100	100	100	100	100	100	100	100	127.338	169.822	213.669	208.357	162.725	130.546	96.7747	61.1851	59.2687	57.8435	56.8823	56.3619	56.2621	56.5655	57.2569	58.3238	59.7562	61.5467	63.6911	66.189	97.7209	127.835	156.143	195.774	198.874	159.228	122.461	100	100	100	100	100	100	100	100	100	100	100	100	100	100	100	100	100	100	100	100	100	100	100	100	100	100
100	100	100	100	100	100	100	100	100	100	100	100	100	100	100	100	100	100	100	100	100	100	100	100	100	100	100	100	100	123.639	158.193	183.44	204.483	226.1	194.364	179.268	167.075	158.037	152.391	150.289	151.745	156.608	164.603	175.387	188.62	216.85	195.152	174.72	151.105	120.191	100	100	100	100	100	100	100	100	100	100	100	100	100	100	100	100	100	100	100	100	100	100	100	100	100	100	100	100	100
100	100	100	100	100	100	100	100	100	100	100	100	100	100	100	100	100	100	100	100	100	100	100	100	100	100	100	100	100	100	100	100	100	103.194	127.759	144.554	156.148	163.701	167.819	168.822	166.845	161.868	153.703	141.917	125.626	102.876	100	100	100	100	100	100	100	100	100	100	100	100	100	100	100	100	100	100	100	100	100	100	100	100	100	100	100	100	100	100	100	100	100
100	100	100	100	100	100	100	100	100	100	100	100	100	100	100	100	100	100	100	100	100	100	100	100	100	100	100	100	100	100	100	100	100	100	100	100	100	100	100	100	100	100	100	100	100	100	100	100	100	100	100	100	100	100	100	100	100	100	100	100	100	100	100	100	100	100	100	100	100	100	100	100	100	100	100	100	100	100	100
100	100	100	100	100	100	100	100	100	100	100	100	100	100	100	100	100	100	100	100	100	100	100	100	100	100	100	100	100	100	100	100	100	100	100	100	100	100	100	100	100	100	100	100	100	100	100	100	100	100	100	100	100	100	100	100	100	100	100	100	100	100	100	100	100	100	100	100	100	100	100	100	100	100	100	100	100	100	100
