14.7155	14.4796	14.2254	13.954	13.6667	13.3649	13.0502	12.7242	12.3887	12.0454	11.6966	11.3443	10.991	10.639	10.2911	9.94998	9.61841	9.29926	8.99537	8.7095	8.44428	8.20212	7.98517	7.79521	7.63369	7.50158	7.39944	7.32742	7.28523	7.27223	7.28746	7.32972	7.39761	7.48963	7.60417	7.73959	7.89426	8.06652	8.25474	8.4573	8.67257	8.89894	9.13477	9.37843	9.62825	9.88259	10.1398	10.3981	10.6561	10.9119	11.1641	11.4111	11.6514	11.8836	12.1063	12.318	12.5177	12.7041
14.3859	14.1217	13.8389	13.5385	13.222	12.8907	12.5463	12.1905	11.825	11.4518	11.0731	10.6911	10.3085	9.92772	9.55172	9.18342	8.82589	8.48224	8.1556	7.84902	7.5654	7.30743	7.07745	6.87745	6.71381	6.58935	6.49199	6.42222	6.38058	6.36759	6.38384	6.42991	6.50645	6.61415	6.75374	6.91199	7.08595	7.27846	7.4878	7.71226	7.95016	8.19981	8.45951	8.72757	9.00225	9.28182	9.56455	9.84869	10.1325	10.4144	10.6925	10.9654	11.2315	11.4892	11.7372	11.9741	12.1985	12.4093
14.0368	13.7438	13.4316	13.1016	12.755	12.3934	12.0183	11.6316	11.235	10.8306	10.4207	10.0077	9.59416	9.18302	8.77727	8.38012	7.9949	7.62505	7.274	6.94515	6.64716	6.41347	6.20491	6.02195	5.86501	5.73456	5.63101	5.55484	5.5065	5.48649	5.49533	5.53357	5.60179	5.70065	5.83084	5.9931	6.18825	6.41719	6.68088	6.93372	7.1954	7.46948	7.75422	8.04783	8.34852	8.65447	8.96385	9.27484	9.58564	9.89445	10.1996	10.4993	10.7919	11.076	11.3501	11.6126	11.8624	12.0981
13.6701	13.3477	13.0056	12.6451	12.2677	11.8749	11.4682	11.0495	10.6207	10.1838	9.74135	9.29576	8.84985	8.40662	7.96935	7.54149	7.12669	6.72871	6.39596	6.10854	5.84544	5.60709	5.3939	5.20628	5.04461	4.90928	4.8007	4.71925	4.66536	4.63948	4.64207	4.67365	4.73475	4.82597	4.94797	5.10144	5.28717	5.50599	5.75884	6.04672	6.37074	6.70905	7.02005	7.34046	7.66838	8.00191	8.33914	8.67813	9.01699	9.35384	9.68686	10.0143	10.3344	10.6457	10.9465	11.2354	11.5111	11.7723
13.2879	12.9354	12.5628	12.1712	11.7623	11.3373	10.8981	10.4464	9.98418	9.51364	9.03721	8.55754	8.07755	7.60047	7.12976	6.66918	6.28126	5.94241	5.62715	5.33592	5.06912	4.82714	4.61035	4.41909	4.25371	4.11454	4.00194	3.91626	3.85786	3.82715	3.82456	3.85054	3.9056	3.99029	4.10521	4.25103	4.42848	4.63838	4.88159	5.1591	5.47196	5.82133	6.20848	6.60682	6.96329	7.32571	7.69204	8.06026	8.42834	8.79432	9.15628	9.51237	9.86084	10.2	10.5283	10.8442	11.1464	11.4335
12.8922	12.5092	12.1054	11.6822	11.2409	10.7831	10.3104	9.82465	9.32792	8.82242	8.31063	7.79533	7.27957	6.76675	6.29748	5.90911	5.54363	5.20152	4.88321	4.5891	4.31955	4.07487	3.8554	3.66144	3.49327	3.35119	3.2355	3.14651	3.08454	3.04996	3.04314	3.0645	3.1145	3.19365	3.30252	3.44173	3.61197	3.81401	4.0487	4.31697	4.61983	4.95842	5.33396	5.74779	6.20136	6.62762	7.02441	7.42313	7.82166	8.21791	8.60985	8.99558	9.37324	9.74111	10.0976	10.4411	10.7703	11.0838
12.4851	12.0712	11.6358	11.1802	10.706	10.2145	9.7075	9.1868	8.65447	8.11276	7.56424	7.01174	6.45847	6.00403	5.58996	5.19863	4.8305	4.486	4.16551	3.86937	3.59789	3.35136	3.13004	2.93419	2.76406	2.6199	2.50196	2.4105	2.34582	2.30821	2.29803	2.31565	2.36148	2.43601	2.53974	2.67328	2.83728	3.03246	3.25963	3.5197	3.81364	4.14255	4.50761	4.91014	5.35155	5.83339	6.33829	6.76889	7.19913	7.62681	8.04981	8.46612	8.87382	9.27115	9.65644	10.0281	10.3848	10.7251
12.0689	11.6237	11.1562	10.6679	10.1601	9.63426	9.09215	8.53558	7.9666	7.38751	6.80089	6.22368	5.76246	5.3233	4.90674	4.51325	4.14326	3.79714	3.47523	3.17781	2.90516	2.65751	2.43508	2.23809	2.06673	1.92122	1.80177	1.7086	1.64194	1.60208	1.58932	1.60398	1.64645	1.71716	1.81661	1.94534	2.10396	2.29318	2.51376	2.76658	3.05258	3.37281	3.72845	4.12075	4.55112	5.02106	5.53223	6.08639	6.56319	7.02349	7.47861	7.92644	8.36501	8.7925	9.20721	9.60757	9.99214	10.3596
11.6459	11.1691	10.6693	10.1477	9.60582	9.04507	8.46715	7.87387	7.2673	6.64971	6.05832	5.57261	5.10882	4.66752	4.24918	3.85425	3.48309	3.13604	2.81337	2.51535	2.24218	1.99406	1.77118	1.57369	1.40177	1.25556	1.13525	1.04102	0.973075	0.931638	0.916973	0.929381	0.969207	1.03685	1.13275	1.25743	1.41148	1.59555	1.81039	2.05682	2.33578	2.64827	2.99543	3.37851	3.79886	4.25798	4.75747	5.2991	5.88475	6.41068	6.89895	7.3792	7.8494	8.30769	8.75234	9.18178	9.59458	9.98941
11.2185	10.71	10.1775	9.62238	9.04598	8.4498	7.83546	7.20476	6.55974	5.94432	5.43447	4.94642	4.48074	4.03794	3.61848	3.22273	2.85102	2.50363	2.1808	1.88275	1.60964	1.36163	1.13886	0.941447	0.769517	0.623191	0.502603	0.407896	0.339238	0.29682	0.280867	0.291644	0.32946	0.394676	0.487709	0.609042	0.759226	0.938889	1.14874	1.38958	1.6623	1.9679	2.30748	2.68224	3.09353	3.54281	4.03166	4.56181	5.13515	5.75368	6.31379	6.82729	7.3298	7.81943	8.29446	8.7533	9.19455	9.6169
10.7892	10.2488	9.68354	9.09463	8.48344	7.85142	7.20018	6.53148	5.88192	5.34821	4.83616	4.34637	3.8794	3.43569	3.01566	2.61963	2.2479	1.9007	1.57823	1.28065	1.0081	0.760691	0.538517	0.341666	0.17022	0.0242635	-0.0961086	-0.190788	-0.259645	-0.302523	-0.319232	-0.309541	-0.273175	-0.209806	-0.119047	-0.000449776	0.146508	0.322424	0.527979	0.763941	1.03118	1.33065	1.66345	2.03074	2.43384	2.8742	3.35336	3.87304	4.43509	5.04151	5.69447	6.27381	6.8092	7.33061	7.8363	8.32475	8.79455	9.24444
10.3605	9.78825	9.19011	8.5673	7.92114	7.25303	6.56454	5.87147	5.3141	4.77824	4.26454	3.77357	3.30582	2.86171	2.44159	2.04576	1.67446	1.32789	1.00621	0.709536	0.437966	0.191573	-0.0295853	-0.22546	-0.396006	-0.541174	-0.660906	-0.755129	-0.823747	-0.866637	-0.883642	-0.874564	-0.83916	-0.777132	-0.688125	-0.571718	-0.427419	-0.25466	-0.0527872	0.178942	0.441367	0.735427	1.06217	1.42277	1.8185	2.25077	2.72113	3.23127	3.78301	4.37834	5.01939	5.70846	6.29077	6.84422	7.38075	7.89885	8.39716	8.87449
9.93485	9.33091	8.7	8.04331	7.36211	6.6578	5.93185	5.3325	4.77298	4.23548	3.72063	3.22894	2.76086	2.31677	1.89698	1.50174	1.13127	0.785707	0.465179	0.169768	-0.10047	-0.345497	-0.565294	-0.759846	-0.929145	-1.07317	-1.19191	-1.28532	-1.35333	-1.39585	-1.41276	-1.40389	-1.36903	-1.3079	-1.22019	-1.10549	-0.963355	-0.793228	-0.594486	-0.366412	-0.108191	0.181092	0.502465	0.857068	1.24616	1.67114	2.13353	2.63499	3.17733	3.76251	4.39266	5.07005	5.77782	6.36341	6.93074	7.47837	8.00502	8.50952
9.51485	8.87948	8.216	7.52558	6.80945	6.06895	5.40385	4.82075	4.25954	3.72086	3.20527	2.71326	2.24523	1.80153	1.38241	0.988105	0.61877	0.274525	-0.0445496	-0.338407	-0.607025	-0.850404	-1.06856	-1.26151	-1.42928	-1.57188	-1.68934	-1.78163	-1.84872	-1.89056	-1.90705	-1.89804	-1.86336	-1.80277	-1.71595	-1.60256	-1.46214	-1.29418	-1.09808	-0.873146	-0.618583	-0.333498	-0.0168866	0.332371	0.715519	1.13393	1.5891	2.08268	2.61646	3.1924	3.81259	4.4793	5.19497	5.89138	6.48929	7.06615	7.62075	8.15201
9.10305	8.43664	7.74095	7.01709	6.26627	5.52858	4.922	4.33711	3.77461	3.23512	2.71916	2.22717	1.75951	1.31649	0.898335	0.505225	0.137288	-0.205394	-0.522777	-0.814849	-1.08162	-1.32313	-1.53942	-1.73055	-1.89657	-2.03753	-2.15346	-2.2444	-2.31034	-2.35123	-2.36703	-2.35761	-2.32281	-2.26243	-2.17618	-2.06372	-1.92464	-1.75845	-1.56456	-1.34231	-1.09091	-0.809502	-0.497097	-0.152593	0.225232	0.637733	1.0864	1.57285	2.09888	2.6664	3.27752	3.93448	4.63971	5.39583	6.05942	6.66499	7.24699	7.80441
8.702	8.00509	7.27767	6.52083	5.73571	5.07716	4.46863	3.88231	3.31888	2.7789	2.26286	1.77117	1.30414	0.862044	0.445075	0.053375	-0.312964	-0.653894	-0.969406	-1.25952	-1.52428	-1.76375	-1.97802	-2.16716	-2.33126	-2.4704	-2.58465	-2.67405	-2.73863	-2.77839	-2.79328	-2.78321	-2.74805	-2.68761	-2.60165	-2.48983	-2.35177	-2.18699	-1.99493	-1.77494	-1.52628	-1.24808	-0.939377	-0.599089	-0.226009	0.181201	0.624013	1.10404	1.62305	2.18295	2.78583	3.43393	4.12966	4.87563	5.64409	6.27766	6.88629	7.46911
8.3142	7.58748	6.829	6.03978	5.28666	4.65452	4.04438	3.45695	2.89288	2.35268	1.83681	1.34564	0.879444	0.438461	0.0228496	-0.367283	-0.731877	-1.07092	-1.38443	-1.67246	-1.9351	-2.17242	-2.38455	-2.57159	-2.73366	-2.87087	-2.9833	-3.07104	-3.13413	-3.17259	-3.1864	-3.17551	-3.1398	-3.0791	-2.99318	-2.88174	-2.74441	-2.58074	-2.39019	-2.17212	-1.92579	-1.65038	-1.34492	-1.00836	-0.639496	-0.237009	0.20056	0.674814	1.1875	1.74053	2.33596	2.97604	3.66316	4.39992	5.18909	5.90681	6.54114	7.14841
7.94213	7.18647	6.39773	5.5769	4.89519	4.26122	3.64977	3.0615	2.49703	1.95683	1.44132	0.950841	0.485638	0.045906	-0.368225	-0.75668	-1.11943	-1.4565	-1.76793	-2.05381	-2.31425	-2.54936	-2.75929	-2.94417	-3.10414	-3.23934	-3.34988	-3.43586	-3.49737	-3.53443	-3.54705	-3.5352	-3.49878	-3.43765	-3.35159	-3.24032	-3.1035	-2.94068	-2.75134	-2.53487	-2.29054	-2.01753	-1.71491	-1.38162	-1.01649	-0.618201	-0.185307	0.283782	0.790804	1.33766	1.9264	2.55925	3.23862	3.96708	4.7474	5.55497	6.21386	6.84446
7.58822	6.80463	5.98662	5.19097	4.53322	3.89771	3.28519	2.69631	2.13162	1.59159	1.0766	0.586939	0.122835	-0.315552	-0.728125	-1.11484	-1.4757	-1.81074	-2.12006	-2.40376	-2.66198	-2.89485	-3.10256	-3.28525	-3.4431	-3.57626	-3.68488	-3.76907	-3.82893	-3.86453	-3.87589	-3.86299	-3.82575	-3.76406	-3.67771	-3.56645	-3.42993	-3.26775	-3.07938	-2.86422	-2.62158	-2.35064	-2.05048	-1.72006	-1.35821	-0.963632	-0.534884	-0.0703879	0.431587	0.972929	1.55569	2.18208	2.85451	3.57553	4.34793	5.17465	5.90661	6.55928
7.25481	6.44447	5.59838	4.86067	4.20112	3.56429	2.95091	2.36159	1.79685	1.25712	0.742748	0.253996	-0.20894	-0.645931	-1.05691	-1.44186	-1.80081	-2.13383	-2.44104	-2.72257	-2.97857	-3.20923	-3.41473	-3.59526	-3.751	-3.88213	-3.98883	-4.07122	-4.12943	-4.16354	-4.17359	-4.15958	-4.12146	-4.05911	-3.97237	-3.86097	-3.72461	-3.56286	-3.37525	-3.16118	-2.91996	-2.65078	-2.35274	-2.02481	-1.66583	-1.2745	-0.849407	-0.388964	0.108548	0.64501	1.22247	1.84314	2.5094	3.22384	3.9892	4.80845	5.62137	6.29468
6.94414	6.10844	5.24376	4.56025	3.89912	3.26117	2.6471	2.05748	1.4928	0.953464	0.439781	-0.048011	-0.509746	-0.945324	-1.3547	-1.7379	-2.09496	-2.426	-2.73114	-3.01054	-3.26439	-3.49288	-3.69622	-3.87463	-4.02831	-4.15746	-4.26227	-4.34289	-4.39946	-4.43209	-4.44082	-4.42569	-4.38664	-4.32358	-4.23635	-4.12473	-3.98838	-3.82694	-3.6399	-3.4267	-3.18665	-2.91896	-2.62274	-2.29695	-1.94045	-1.55196	-1.13004	-0.673143	-0.179538	0.352649	0.925458	1.5411	2.20196	2.91061	3.66981	4.48251	5.35187	6.05231
6.65833	5.79885	4.97522	4.28986	3.62735	2.98845	2.37382	1.78401	1.21948	0.680589	0.167634	-0.319179	-0.779713	-1.21389	-1.62171	-2.00319	-2.35842	-2.68753	-2.99067	-3.26802	-3.51979	-3.7462	-3.94747	-4.12384	-4.27554	-4.40278	-4.50576	-4.58467	-4.63965	-4.67083	-4.67827	-4.66201	-4.62202	-4.55822	-4.47046	-4.35852	-4.2221	-4.06082	-3.87421	-3.66169	-3.4226	-3.15616	-2.86146	-2.5375	-2.18312	-1.79706	-1.37788	-0.924039	-0.433809	0.0946821	0.663472	1.27477	1.93096	2.63462	3.38849	4.19555	5.05893	5.83359
6.39937	5.51787	4.73658	4.04958	3.38585	2.74614	2.13105	1.54113	0.976792	0.438387	-0.0738292	-0.559674	-1.01903	-1.45186	-1.85817	-2.23801	-2.59149	-2.91876	-3.21999	-3.4954	-3.74519	-3.96962	-4.16893	-4.34337	-4.49319	-4.61861	-4.71986	-4.79714	-4.8506	-4.88038	-4.88657	-4.86922	-4.8283	-4.76375	-4.67542	-4.56312	-4.42655	-4.26533	-4.07901	-3.86702	-3.62869	-3.36326	-3.06983	-2.74739	-2.3948	-2.01078	-1.59393	-1.14267	-0.655304	-0.129949	0.43543	1.04304	1.69528	2.39471	3.14409	3.94638	4.80474	5.63976
6.16906	5.2675	4.52785	3.83938	3.17457	2.53414	1.91869	1.32871	0.764599	0.226683	-0.284809	-0.769717	-1.22795	-1.6595	-2.06437	-2.44266	-2.7945	-3.12004	-3.41949	-3.69307	-3.94102	-4.1636	-4.36107	-4.53371	-4.68176	-4.80549	-4.90512	-4.98086	-5.0329	-5.06136	-5.06637	-5.04796	-5.00614	-4.94085	-4.85195	-4.73925	-4.60246	-4.44123	-4.25508	-4.04347	-3.80573	-3.54109	-3.24868	-2.92748	-2.57635	-2.19402	-1.77908	-1.32996	-0.844959	-0.322196	0.240368	0.844944	1.49392	2.18988	2.93557	3.73397	4.58824	5.47189
5.96902	5.06199	4.34894	3.65914	2.99337	2.35232	1.73656	1.14655	0.582684	0.0452449	-0.465555	-0.94958	-1.40676	-1.8371	-2.24065	-2.6175	-2.96781	-3.29175	-3.58955	-3.86145	-4.10769	-4.32857	-4.52436	-4.69533	-4.84177	-4.96393	-5.06206	-5.13639	-5.1871	-5.21434	-5.21824	-5.19884	-5.15617	-5.09015	-5.00069	-4.88757	-4.75052	-4.58919	-4.40311	-4.19174	-3.95443	-3.6904	-3.39877	-3.07853	-2.72855	-2.34756	-1.93413	-1.48671	-1.00359	-0.482886	0.0774465	0.679621	1.32603	2.01926	2.76207	3.55744	4.40853	5.31874
5.8006	4.91427	4.19967	3.50868	2.84205	2.20046	1.58443	0.994417	0.430783	-0.106207	-0.616363	-1.09957	-1.55578	-1.98502	-2.38735	-2.76288	-3.1118	-3.43429	-3.73059	-4.00095	-4.24566	-4.46499	-4.65924	-4.8287	-4.97367	-5.09441	-5.19119	-5.26422	-5.31373	-5.33985	-5.34273	-5.32242	-5.27894	-5.21224	-5.12221	-5.00866	-4.87132	-4.70982	-4.52373	-4.31248	-4.07543	-3.81181	-3.52074	-3.20121	-2.85207	-2.47207	-2.05977	-1.61362	-1.1319	-0.61272	-0.0540407	0.546362	1.19089	1.88213	2.62285	3.41604	4.26488	5.17276
5.66493	4.7958	4.07981	3.38775	2.72036	2.07827	1.46201	0.872004	0.308589	-0.227989	-0.73756	-1.22003	-1.67536	-2.1036	-2.50483	-2.87919	-3.22686	-3.54804	-3.843	-4.112	-4.35532	-4.57327	-4.76615	-4.93428	-5.07793	-5.1974	-5.29296	-5.36485	-5.41326	-5.43838	-5.44033	-5.41918	-5.37496	-5.30761	-5.21704	-5.10305	-4.96538	-4.80366	-4.61746	-4.40622	-4.16928	-3.90589	-3.61515	-3.29605	-2.94746	-2.5681	-2.15655	-1.71124	-1.23043	-0.712259	-0.154656	0.444604	1.08793	1.77792	2.51735	3.30922	4.15672	5.06324
5.56284	4.7063	3.98906	3.29604	2.62796	1.98544	1.36898	0.778982	0.215763	-0.320447	-0.829496	-1.31131	-1.76587	-2.19323	-2.59349	-2.9668	-3.31337	-3.63341	-3.92718	-4.19498	-4.43709	-4.65383	-4.84551	-5.01245	-5.15495	-5.27331	-5.3678	-5.43867	-5.48612	-5.51034	-5.51146	-5.48955	-5.44465	-5.3767	-5.2856	-5.17117	-5.03313	-4.87114	-4.68473	-4.47337	-4.2364	-3.97304	-3.68241	-3.36349	-3.01515	-2.63609	-2.22489	-1.77998	-1.29962	-0.781915	-0.224809	0.37394	1.01675	1.70623	2.44517	3.23658	4.08366	4.98982
5.49488	4.64541	3.92707	3.2332	2.56453	1.92163	1.30498	0.71499	0.151943	-0.383945	-0.892538	-1.37378	-1.82766	-2.25425	-2.65367	-3.02608	-3.37169	-3.69074	-3.9835	-4.25026	-4.49132	-4.70702	-4.89767	-5.0636	-5.20511	-5.32251	-5.41607	-5.48605	-5.53267	-5.5561	-5.55648	-5.53389	-5.48836	-5.41984	-5.32823	-5.21334	-5.0749	-4.91256	-4.72587	-4.51426	-4.27709	-4.01358	-3.72282	-3.40382	-3.05541	-2.6763	-2.26506	-1.82011	-1.33971	-0.821942	-0.264745	0.334133	0.977122	1.66684	2.4061	3.19791	4.0455	4.95228
5.4613	4.61276	3.89345	3.19886	2.52966	1.88643	1.26964	0.679651	0.116754	-0.418856	-0.927056	-1.4078	-1.8611	-2.28704	-2.68575	-3.05739	-3.40219	-3.7204	-4.01229	-4.27818	-4.51836	-4.73318	-4.92296	-5.08802	-5.2287	-5.34528	-5.43806	-5.50729	-5.55318	-5.57592	-5.57565	-5.55245	-5.50634	-5.43728	-5.34516	-5.2298	-5.09092	-4.92816	-4.74107	-4.52909	-4.29155	-4.02767	-3.73656	-3.41718	-3.06839	-2.68887	-2.27719	-1.83175	-1.3508	-0.832425	-0.27454	0.325118	0.968991	1.65971	2.40011	3.19321	4.04224	4.95066
5.46207	4.60792	3.8878	3.19259	2.52296	1.87946	1.26255	0.672576	0.109814	-0.425552	-0.933416	-1.41374	-1.86655	-2.29194	-2.69005	-3.06105	-3.40517	-3.72268	-4.01386	-4.27902	-4.51848	-4.73257	-4.92163	-5.08599	-5.22597	-5.34187	-5.43399	-5.50258	-5.54785	-5.57	-5.56915	-5.54539	-5.49873	-5.42915	-5.33652	-5.22065	-5.08127	-4.91801	-4.7304	-4.51789	-4.27981	-4.01535	-3.72363	-3.40359	-3.05407	-2.67377	-2.26122	-1.81483	-1.33282	-0.813275	-0.254086	0.347019	0.9925	1.685	2.42737	3.22265	4.0741	4.98517
5.49689	4.63044	3.90966	3.21397	2.54401	1.90031	1.28332	0.69338	0.130751	-0.404397	-0.911968	-1.39193	-1.84433	-2.26926	-2.66687	-3.03734	-3.38092	-3.69786	-3.98846	-4.25303	-4.4919	-4.70541	-4.89388	-5.05766	-5.19708	-5.31242	-5.40399	-5.47204	-5.51678	-5.53841	-5.53704	-5.51276	-5.46559	-5.39548	-5.30231	-5.18589	-5.04593	-4.88205	-4.6938	-4.4806	-4.24177	-3.9765	-3.68389	-3.36288	-3.01229	-2.6308	-2.21695	-1.76912	-1.28552	-0.764214	-0.203086	0.400155	1.04799	1.74307	2.48828	3.28666	4.14149	5.05627
5.56526	4.67985	3.9586	3.26256	2.59237	1.94856	1.33156	0.741689	0.179204	-0.355735	-0.863041	-1.34269	-1.79474	-2.21929	-2.61648	-2.98652	-3.32965	-3.64614	-3.93627	-4.20038	-4.43878	-4.65182	-4.83983	-5.00315	-5.1421	-5.257	-5.34811	-5.4157	-5.45998	-5.48113	-5.47928	-5.45451	-5.40682	-5.33616	-5.24241	-5.12536	-4.98472	-4.82012	-4.63106	-4.41698	-4.17717	-3.91084	-3.61704	-3.29472	-2.94268	-2.55959	-2.14397	-1.69419	-1.20844	-0.684767	-0.121041	0.485051	1.136	1.8345	2.58342	3.38585	4.24508	5.16462
5.66647	4.75568	4.03415	3.33793	2.66766	2.02384	1.40689	0.817147	0.254837	-0.279881	-0.786928	-1.26629	-1.71803	-2.14224	-2.53909	-2.90877	-3.25154	-3.56766	-3.85743	-4.12116	-4.35919	-4.57186	-4.75951	-4.92246	-5.06104	-5.17555	-5.26628	-5.33346	-5.37733	-5.39804	-5.39572	-5.37044	-5.3222	-5.25095	-5.15654	-5.03877	-4.89734	-4.73184	-4.5418	-4.32662	-4.0856	-3.8179	-3.52259	-3.1986	-2.84471	-2.45958	-2.0417	-1.58942	-1.10093	-0.574256	-0.00724141	0.602443	1.25731	1.96007	2.71362	3.52108	4.38575	5.31116
5.79969	4.85747	4.13587	3.43966	2.76945	2.12575	1.50897	0.919427	0.357351	-0.17711	-0.683882	-1.16296	-1.61439	-2.0383	-2.43484	-2.80422	-3.14668	-3.46249	-3.75196	-4.0154	-4.25313	-4.4655	-4.65284	-4.81549	-4.95375	-5.06794	-5.15831	-5.22513	-5.26859	-5.28886	-5.28606	-5.26024	-5.2114	-5.13947	-5.04431	-4.92569	-4.7833	-4.61673	-4.42549	-4.20897	-3.96644	-3.69707	-3.3999	-3.07383	-2.71765	-2.32999	-1.90932	-1.45398	-0.962137	-0.431786	0.13924	0.753295	1.41292	2.12083	2.87996	3.69345	4.56463	5.49706
5.96401	5.01805	4.26334	3.56734	2.89738	2.25396	1.63748	1.04824	0.486485	-0.047653	-0.554101	-1.03286	-1.48398	-1.90758	-2.30382	-2.67291	-3.01509	-3.33063	-3.61983	-3.88301	-4.12049	-4.3326	-4.51967	-4.68204	-4.82001	-4.93388	-5.02392	-5.09036	-5.1334	-5.1532	-5.14985	-5.12343	-5.0739	-5.00118	-4.90513	-4.7855	-4.64196	-4.47411	-4.28142	-4.06326	-3.81891	-3.54751	-3.24808	-2.91952	-2.56058	-2.16987	-1.74585	-1.28684	-0.790973	-0.256238	0.319562	0.938804	1.60405	2.31804	3.08375	3.90432	4.78312	5.68883
6.15846	5.22506	4.41615	3.72061	3.05112	2.40816	1.79214	1.20336	0.642036	0.10832	-0.397724	-0.876095	-1.32685	-1.75011	-2.14603	-2.51481	-2.8567	-3.17197	-3.4609	-3.72382	-3.96104	-4.1729	-4.35971	-4.5218	-4.65946	-4.773	-4.86266	-4.92868	-4.97124	-4.9905	-4.98653	-4.95938	-4.90903	-4.83538	-4.73826	-4.61742	-4.47251	-4.30311	-4.10867	-3.88857	-3.64204	-3.36821	-3.0661	-2.73456	-2.37234	-1.97802	-1.55005	-1.08671	-0.586128	-0.046258	0.53512	1.16041	1.83219	2.55324	3.32655	4.1553	5.04288	5.89332
6.38206	5.46333	4.59393	3.89914	3.23037	2.5881	1.97274	1.38459	0.823862	0.290704	-0.214817	-0.692701	-1.143	-1.56584	-1.96137	-2.32979	-2.67134	-2.98629	-3.27493	-3.53755	-3.77448	-3.98604	-4.17254	-4.3343	-4.47161	-4.58475	-4.67397	-4.73948	-4.78147	-4.80006	-4.79534	-4.76732	-4.71598	-4.6412	-4.54279	-4.42049	-4.27394	-4.10268	-3.90617	-3.68375	-3.43464	-3.15795	-2.85266	-2.51763	-2.15157	-1.75304	-1.32046	-0.852102	-0.346054	0.199751	0.787559	1.4198	2.09908	2.82821	3.6102	4.44827	5.34583	6.12287
6.63383	5.73182	4.79637	4.10264	3.43488	2.79358	2.17913	1.59182	1.03189	0.499471	-0.00536533	-0.482615	-0.932335	-1.35463	-1.74966	-2.11762	-2.45874	-2.77329	-3.06153	-3.32378	-3.56034	-3.77152	-3.95762	-4.11896	-4.25582	-4.36845	-4.45711	-4.52199	-4.56325	-4.58102	-4.57536	-4.54629	-4.49373	-4.41758	-4.31761	-4.19356	-4.04504	-3.87158	-3.67261	-3.44745	-3.19531	-2.91526	-2.60628	-2.26719	-1.89667	-1.49328	-1.0554	-0.581263	-0.0689501	0.483639	1.07878	1.71892	2.40672	3.145	3.93681	4.78539	5.6942	6.37577
6.91279	6.02949	5.10258	4.33091	3.6645	3.02447	2.41121	1.82502	1.26613	0.734678	0.230736	-0.245688	-0.694643	-1.11623	-1.51061	-1.87796	-2.21851	-2.53251	-2.82024	-3.08198	-3.31803	-3.5287	-3.71427	-3.87505	-4.0113	-4.12327	-4.2112	-4.27526	-4.3156	-4.33234	-4.32552	-4.29512	-4.24109	-4.16326	-4.06143	-3.93528	-3.78442	-3.60835	-3.40648	-3.17812	-2.92243	-2.63849	-2.32523	-1.98145	-1.60582	-1.19685	-0.752901	-0.272191	0.247241	0.80752	1.41095	2.06002	2.7574	3.50596	4.30877	5.16912	6.00338	6.65011
7.21797	6.35532	5.44984	4.58377	3.91912	3.28073	2.669	2.08425	1.52669	0.996479	0.493691	0.0183383	-0.429622	-0.850288	-1.2438	-1.61034	-1.95013	-2.2634	-2.55042	-2.81147	-3.04683	-3.2568	-3.44165	-3.60167	-3.73711	-3.84821	-3.93517	-3.99818	-4.03735	-4.05279	-4.04451	-4.0125	-3.95665	-3.87681	-3.77273	-3.64408	-3.49044	-3.3113	-3.10605	-2.87395	-2.61416	-2.32572	-2.00754	-1.65839	-1.27691	-0.861595	-0.410771	0.0773795	0.604844	1.17378	1.78652	2.44558	3.15368	3.91371	4.72878	5.6022	6.32286	6.94385
7.54837	6.70831	5.82628	4.90224	4.19871	3.56238	2.95258	2.36963	1.81377	1.28513	0.783813	0.309833	-0.136845	-0.556309	-0.948693	-1.31417	-1.65294	-1.96523	-2.2513	-2.51142	-2.74585	-2.95487	-3.13875	-3.29775	-3.43212	-3.54207	-3.62779	-3.68945	-3.72715	-3.74095	-3.73088	-3.69688	-3.63883	-3.55656	-3.44979	-3.31818	-3.16127	-2.97854	-2.76934	-2.53291	-2.26839	-1.97479	-1.65098	-1.29572	-0.907615	-0.485116	-0.0265337	0.469986	1.00646	1.58508	2.20822	2.87842	3.59843	4.37118	5.19982	6.04495	6.66094	7.25484
7.90294	7.08736	6.23078	5.3332	4.50335	3.86956	3.26215	2.68144	2.12767	1.60101	1.10154	0.629289	0.184242	-0.233685	-0.624612	-0.988699	-1.32614	-1.63715	-1.92197	-2.18084	-2.41404	-2.6218	-2.8044	-2.96207	-3.09504	-3.2035	-3.28764	-3.34758	-3.38342	-3.39521	-3.38292	-3.3465	-3.28581	-3.20063	-3.09067	-2.95556	-2.79483	-2.60791	-2.39414	-2.15273	-1.88278	-1.58329	-1.25309	-0.890901	-0.495305	-0.0647252	0.402564	0.908449	1.45498	2.04439	2.67907	3.36162	4.0948	4.88161	5.72521	6.42907	7.01514	7.5809
8.28053	7.49131	6.66216	5.79315	4.8843	4.20251	3.598	3.02003	2.46884	1.9446	1.44742	0.977333	0.53433	0.118343	-0.270735	-0.633052	-0.968784	-1.27814	-1.56133	-1.81859	-2.05018	-2.25632	-2.43725	-2.5932	-2.72437	-2.83095	-2.91308	-2.97088	-3.00442	-3.01372	-2.99875	-2.95941	-2.89554	-2.8069	-2.69318	-2.55398	-2.38879	-2.19702	-1.97799	-1.73087	-1.45473	-1.14854	-0.811098	-0.441102	-0.0370895	0.402545	0.879562	1.39588	1.95359	2.55496	3.20241	3.89859	4.64629	5.44855	6.25531	6.82762	7.38306	7.91985
8.67989	7.91886	7.11908	6.2807	5.40386	4.56159	3.96057	3.3859	2.83783	2.31654	1.82216	1.35473	0.914256	0.500682	0.113915	-0.246175	-0.579751	-0.886997	-1.16812	-1.42333	-1.65286	-1.85693	-2.03574	-2.18952	-2.31843	-2.42264	-2.50228	-2.55743	-2.58815	-2.59444	-2.57622	-2.53339	-2.46574	-2.37303	-2.2549	-2.11093	-1.94058	-1.74323	-1.51816	-1.26452	-0.981358	-0.667584	-0.321988	0.05678	0.470214	0.919953	1.4078	1.9357	2.50579	3.12036	3.78189	4.49305	5.2567	6.07588	6.69831	7.23799	7.76233	8.26954
9.09963	8.36854	7.59999	6.79424	5.95154	5.07212	4.3504	3.77967	3.23534	2.71761	2.22661	1.76241	1.32502	0.914399	0.530481	0.173147	-0.157747	-0.462369	-0.740903	-0.993546	-1.2205	-1.42197	-1.59814	-1.7492	-1.87531	-1.9766	-2.05318	-2.10511	-2.13242	-2.13507	-2.11298	-2.066	-1.99391	-1.89642	-1.77315	-1.62365	-1.44736	-1.24361	-1.01166	-0.750621	-0.459505	-0.137194	0.21756	0.606143	1.03008	1.49106	1.99091	2.53162	3.11537	3.74448	4.42148	5.14907	5.93016	6.63168	7.1508	7.65773	8.15068	8.62789
9.53816	8.83869	8.10314	7.3319	6.52535	5.6839	4.808	4.20211	3.66222	3.14872	2.66177	2.20144	1.76777	1.36073	0.98028	0.626311	0.298702	-0.00269453	-0.278042	-0.527517	-0.751298	-0.949563	-1.12248	-1.27022	-1.3929	-1.49063	-1.56351	-1.61155	-1.63477	-1.63309	-1.60641	-1.55455	-1.47725	-1.3742	-1.24499	-1.08913	-0.906018	-0.694977	-0.455207	-0.1858	0.114274	0.446166	0.811164	1.21069	1.64631	2.11974	2.63286	3.1877	3.78647	4.43154	5.12548	5.87103	6.63035	7.12505	7.61033	8.08454	8.54597	8.99292
9.99371	9.32742	8.62653	7.89153	7.12297	6.32144	5.48763	4.65415	4.11947	3.61097	3.1288	2.67308	2.24384	1.8411	1.46481	1.1149	0.791265	0.493778	0.222299	-0.0233245	-0.243247	-0.437623	-0.606598	-0.750301	-0.868843	-0.962306	-1.03074	-1.07415	-1.09251	-1.08573	-1.05365	-0.996085	-0.912738	-0.803258	-0.667204	-0.50405	-0.313171	-0.0938441	0.154764	0.433598	0.743723	1.08633	1.46275	1.87443	2.323	2.81019	3.33794	3.90831	4.52355	5.1861	5.89854	6.66368	7.16256	7.62292	8.07466	8.51627	8.94616	9.36271
10.4643	9.83265	9.16788	8.47068	7.74174	6.98185	6.19189	5.37292	4.60826	4.1056	3.62906	3.17876	2.75477	2.35711	1.98578	1.6407	1.32181	1.02901	0.762168	0.521168	0.305877	0.116168	-0.0480773	-0.186961	-0.300564	-0.388941	-0.452111	-0.490053	-0.502701	-0.489936	-0.451581	-0.387391	-0.297055	-0.180181	-0.0362945	0.135168	0.334865	0.563559	0.82212	1.11153	1.4329	1.78745	2.17655	2.60171	3.06457	3.56693	4.11075	4.69816	5.33144	6.01305	6.74567	7.26347	7.6967	8.12318	8.54171	8.95093	9.34935	9.73545
10.9478	10.352	9.72472	9.06666	8.37873	7.66187	6.9172	6.14603	5.34992	4.63407	4.16407	3.7201	3.30225	2.91057	2.54506	2.2057	1.89243	1.60517	1.34383	1.10832	0.89853	0.714359	0.555721	0.422542	0.314771	0.232386	0.175399	0.143861	0.137873	0.157587	0.203214	0.275033	0.373393	0.49872	0.651525	0.83241	1.04207	1.28131	1.55104	1.85228	2.18617	2.55399	2.95715	3.39719	3.8758	4.39483	4.95628	5.56231	6.21528	6.91768	7.4264	7.83142	8.23083	8.62388	9.00956	9.38663	9.75373	10.1094
11.4419	10.8831	10.2943	9.67651	9.0307	8.35799	7.6597	6.93733	6.19271	5.428	4.73556	4.29893	3.88821	3.50349	3.14479	2.81211	2.50542	2.22467	1.9698	1.74073	1.53741	1.35974	1.20769	1.0812	0.980252	0.904863	0.855076	0.830975	0.832697	0.860428	0.914416	0.994975	1.10249	1.23743	1.40034	1.59187	1.81274	2.06381	2.34601	2.66043	3.00824	3.39076	3.80944	4.26587	4.76179	5.2991	5.87983	6.5062	7.1806	7.64894	8.02562	8.39709	8.76316	9.12323	9.47641	9.82161	10.1576	10.4829
11.944	11.423	10.8737	10.297	9.6942	9.06645	8.41525	7.7423	7.0496	6.33954	5.61496	4.91726	4.51478	4.1381	3.78728	3.46235	3.16331	2.89013	2.64279	2.42125	2.22545	2.05537	1.91097	1.79226	1.69923	1.63195	1.59048	1.57496	1.58554	1.62246	1.686	1.77652	1.89443	2.04025	2.21456	2.41805	2.65148	2.91576	3.21187	3.54092	3.90414	4.30289	4.73867	5.21312	5.72802	6.28531	6.88708	7.5356	7.92812	8.27701	8.62047	8.95885	9.29202	9.61952	9.94057	10.2542	10.5592	10.8544
12.4514	11.969	11.4598	10.9249	10.3656	9.78331	9.17957	8.55625	7.91549	7.25982	6.59219	5.91612	5.23577	4.81686	4.47511	4.15911	3.86889	3.60446	3.36581	3.15295	2.96586	2.80454	2.66899	2.55924	2.47534	2.41738	2.38546	2.37976	2.40047	2.44786	2.52226	2.62405	2.75371	2.91178	3.09889	3.31577	3.56324	3.84222	4.15376	4.49901	4.87925	5.29589	5.75046	6.24466	6.78031	7.35941	7.93146	8.26089	8.5829	8.8988	9.20941	9.51508	9.81578	10.1111	10.4004	10.6828	10.9571	11.2223
12.9613	12.518	12.0494	11.5567	11.0412	10.5045	9.94827	9.37443	8.78523	8.18327	7.57155	6.95359	6.33347	5.71591	5.21108	4.90529	4.62517	4.37076	4.1421	3.93921	3.76211	3.61083	3.48543	3.38595	3.3125	3.26518	3.24416	3.24963	3.28184	3.3411	3.42777	3.54228	3.68515	3.85696	4.05839	4.29021	4.55329	4.84859	5.17721	5.54034	5.93932	6.3756	6.85077	7.36656	7.92486	8.33994	8.64457	8.9406	9.22961	9.51278	9.79087	10.0642	10.3329	10.5964	10.8543	11.1058	11.3497	11.5851
13.4708	13.0669	12.6391	12.1887	11.7171	11.2259	10.7169	10.1921	9.65373	9.10444	8.54722	7.98553	7.42331	6.86504	6.31581	5.78129	5.43545	5.19246	4.97517	4.78364	4.61793	4.47812	4.36427	4.27649	4.21491	4.17969	4.17102	4.18914	4.23435	4.30698	4.40745	4.53624	4.6939	4.88106	5.09844	5.34687	5.62725	5.9406	6.28807	6.67089	7.09045	7.54825	8.04594	8.50507	8.79672	9.07695	9.34762	9.61039	9.86662	10.1174	10.3633	10.6047	10.8417	11.0739	11.3008	11.5216	11.7355	11.9414
13.9769	13.6125	13.2256	12.8174	12.3895	11.9435	11.4812	11.0046	10.516	10.0181	9.51366	9.00615	8.49926	7.99721	7.50468	7.02683	6.56926	6.13793	5.86882	5.69017	5.53738	5.41054	5.30978	5.23525	5.1871	5.16553	5.1708	5.20317	5.26298	5.35063	5.46656	5.6113	5.78545	5.98968	6.22478	6.4916	6.79111	7.12437	7.49257	7.89701	8.33912	8.75324	9.0335	9.30072	9.55631	9.8018	10.0387	10.2685	10.4922	10.7109	10.925	11.1349	11.3407	11.5419	11.7382	11.9288	12.113	12.2896
14.4765	14.1516	13.8054	13.4392	13.0545	12.6531	12.2367	11.8073	11.3673	10.9191	10.4656	10.01	9.55574	9.10677	8.66735	8.24211	7.83603	7.45431	7.10228	6.7853	6.52476	6.41256	6.32655	6.26692	6.23388	6.22767	6.24857	6.29691	6.37307	6.47749	6.61066	6.77316	6.96563	7.18881	7.44351	7.73064	8.05122	8.40637	8.79732	9.09084	9.35641	9.6097	9.85102	10.0811	10.3012	10.5123	10.7159	10.913	11.1047	11.2916	11.4744	11.6533	11.8282	11.9989	12.165	12.3259	12.4806	12.6283
14.9667	14.681	14.3751	14.0504	13.7084	13.3508	12.9793	12.5959	12.203	11.8028	11.3982	10.992	10.5877	10.1886	9.79878	9.42228	9.06348	8.7269	8.41709	8.13856	7.89555	7.69192	7.53094	7.41508	7.36041	7.37138	7.40975	7.47592	7.5703	7.69338	7.84571	8.0279	8.24066	8.48476	8.76107	9.02917	9.28275	9.53223	9.77485	10.0087	10.2326	10.4463	10.6498	10.8438	11.0289	11.2064	11.3771	11.5421	11.7021	11.8579	12.0098	12.1581	12.3027	12.4434	12.5798	12.7112	12.8369	12.9561
